3 0.769140625 0.625787037037037 0.13942708333333334 0.18898148148148147
3 0.6835677083333334 0.7691666666666667 0.18286458333333336 0.3274074074074074
3 0.8564583333333332 0.8333796296296296 0.20270833333333332 0.33101851851851855
3 0.07997395833333334 0.893425925925926 0.15369791666666668 0.21314814814814814
0 0.5685677083333334 0.1374074074074074 0.22994791666666667 0.27166666666666667
1 0.16276041666666666 0.8710185185185185 0.231875 0.25555555555555554
1 0.471875 0.5192592592592592 0.18927083333333333 0.4746296296296296
0 0.29971354166666664 0.06907407407407407 0.047447916666666666 0.13574074074074075
1 0.48859375 0.23398148148148148 0.16822916666666668 0.2159259259259259
1 0.36770833333333336 0.06847222222222223 0.131875 0.13694444444444445
1 0.3748177083333334 0.7933333333333333 0.4571354166666667 0.4111111111111111
1 0.3042187499999999 0.1736111111111111 0.034166666666666665 0.07333333333333333
