3 0.6385416666666667 0.882175925925926 0.1828125 0.23564814814814813
3 0.29934895833333336 0.20212962962962963 0.47640625000000003 0.40425925925925926
3 0.203046875 0.13074074074074074 0.34963541666666664 0.2614814814814815
1 0.7029687499999999 0.8827314814814815 0.21416666666666667 0.23453703703703704
1 0.19591145833333332 0.609537037037037 0.26765625 0.36629629629629634
1 0.952421875 0.5400462962962963 0.09515625 0.45583333333333337
0 0.783203125 0.1846759259259259 0.08692708333333334 0.18324074074074076
0 0.9442968749999999 0.07069444444444443 0.11140625 0.12935185185185183
1 0.956484375 0.2751388888888889 0.08640625 0.20342592592592593
1 0.5705729166666667 0.9228703703703705 0.021770833333333333 0.05037037037037037
1 0.8522916666666667 0.1362962962962963 0.11552083333333334 0.25148148148148153
1 0.8399739583333333 0.8047685185185185 0.32005208333333335 0.39046296296296296
3 0.19523437500000002 0.3851851851851852 0.13911458333333335 0.1201851851851852
