3 0.9024479166666667 0.6461111111111111 0.10458333333333333 0.14129629629629628
3 0.8461979166666667 0.7792129629629629 0.20072916666666665 0.3050925925925926
3 0.9477343749999999 0.8387037037037036 0.10453124999999999 0.3227777777777778
3 0.19822916666666668 0.8757407407407407 0.24187499999999998 0.2485185185185185
3 0.09861979166666666 0.21083333333333332 0.19723958333333333 0.42166666666666663
0 0.7090625 0.1111111111111111 0.2705208333333333 0.21444444444444444
1 0.31947916666666665 0.8722222222222222 0.22989583333333333 0.25555555555555554
1 0.6242447916666667 0.5270833333333333 0.18484375 0.4699074074074074
0 0.4409114583333334 0.06685185185185186 0.039427083333333335 0.12666666666666668
1 0.636953125 0.2448148148148148 0.15901041666666668 0.2162962962962963
1 0.49963541666666667 0.11138888888888888 0.1290625 0.2225925925925926
1 0.52484375 0.7915740740740741 0.4471875 0.4146296296296296
