3 0.9103385416666667 0.3338888888888889 0.17932291666666667 0.2838888888888889
3 0.8473958333333333 0.18847222222222224 0.30520833333333336 0.37453703703703706
0 0.5423958333333333 0.19907407407407407 0.14177083333333332 0.16722222222222222
3 0.05213541666666667 0.6955092592592592 0.10333333333333333 0.4134259259259259
1 0.886484375 0.6183796296296297 0.22703125 0.30157407407407405
1 0.5380468749999999 0.7771296296296296 0.18307291666666667 0.442037037037037
1 0.3201302083333334 0.8751388888888889 0.19015625 0.2497222222222222
1 0.40622395833333336 0.5412037037037037 0.27036458333333335 0.4174074074074074
1 0.210234375 0.41115740740740736 0.12526041666666668 0.22842592592592592
3 0.845859375 0.43287037037037035 0.10338541666666666 0.11425925925925927
