3 0.94546875 0.8150925925925926 0.1090625 0.23796296296296296
3 0.38648437500000005 0.8787499999999999 0.19567708333333333 0.2426851851851852
3 0.161640625 0.23949074074074073 0.32328125 0.44157407407407406
0 0.859453125 0.1259259259259259 0.27890625 0.19092592592592592
1 0.48565104166666667 0.8768981481481481 0.23234375000000002 0.24620370370370367
1 0.03666666666666667 0.6148611111111111 0.07333333333333333 0.2991666666666667
1 0.7712239583333333 0.5324074074074074 0.17578125 0.4585185185185185
0 0.5838020833333334 0.12949074074074074 0.06166666666666667 0.23416666666666666
1 0.7855729166666667 0.2579166666666666 0.1603125 0.2237962962962963
1 0.6396614583333334 0.11893518518518517 0.11119791666666666 0.23768518518518517
1 0.690625 0.7981944444444444 0.4765625 0.4028703703703704
