3 0.9434635416666667 0.3027314814814815 0.11307291666666666 0.21675925925925926
3 0.8805208333333334 0.18958333333333333 0.23895833333333333 0.37453703703703706
0 0.6111979166666667 0.20490740740740743 0.13979166666666665 0.16333333333333333
3 0.09630208333333333 0.7291203703703704 0.19260416666666666 0.5347222222222222
1 0.9202864583333333 0.6231018518518519 0.15942708333333336 0.2897222222222222
1 0.6136197916666666 0.7780092592592592 0.17953125 0.4393518518518518
1 0.3953645833333333 0.8762962962962964 0.19083333333333333 0.24500000000000002
1 0.47994791666666664 0.5467592592592593 0.2736458333333333 0.415
1 0.28338541666666667 0.38930555555555557 0.12322916666666667 0.17546296296296296
3 0.9361979166666666 0.42166666666666663 0.12760416666666666 0.16962962962962963
