3 0.6895312499999999 0.6165277777777778 0.139375 0.21694444444444447
3 0.6008854166666667 0.7674537037037036 0.17927083333333332 0.33138888888888884
3 0.7819270833333333 0.8344907407407407 0.20072916666666665 0.33101851851851855
3 0.03734375 0.8957407407407407 0.0746875 0.15425925925925926
0 0.4942447916666667 0.11606481481481483 0.22161458333333334 0.22898148148148148
1 0.10010416666666666 0.8684259259259259 0.20020833333333332 0.26092592592592595
1 0.39567708333333335 0.5152777777777777 0.19145833333333334 0.4770370370370371
0 0.227734375 0.0700462962962963 0.04505208333333333 0.13546296296296298
1 0.41677083333333337 0.22689814814814815 0.156875 0.22342592592592594
1 0.29929687499999996 0.06018518518518518 0.13734375 0.11796296296296296
1 0.30015624999999996 0.7906481481481482 0.4540625 0.41518518518518516
1 0.228671875 0.16819444444444445 0.03682291666666667 0.060833333333333336
