3 0.6901562499999999 0.24023148148148146 0.39489583333333333 0.47583333333333333
3 0.6195572916666666 0.15958333333333333 0.40098958333333334 0.3156481481481481
0 0.2571875 0.18037037037037038 0.146875 0.16999999999999998
1 0.6105729166666667 0.6189814814814815 0.2921875 0.3435185185185185
1 0.23393229166666668 0.7709259259259258 0.1833854166666667 0.4570370370370371
1 0.05091145833333333 0.8656944444444444 0.10182291666666667 0.2662037037037037
1 0.113203125 0.5689351851851853 0.22640625 0.4028703703703704
0 0.9754166666666666 0.9231018518518519 0.04916666666666667 0.15361111111111111
1 0.9357552083333334 0.9515277777777776 0.03536458333333334 0.09694444444444444
3 0.5930468750000001 0.38652777777777775 0.18098958333333334 0.15824074074074074
