3 0.8442187499999999 0.6307870370370371 0.13052083333333334 0.17305555555555557
3 0.7648697916666668 0.7741666666666666 0.19182291666666668 0.3162962962962963
3 0.9073177083333334 0.8328703703703704 0.18536458333333333 0.33240740740740743
3 0.11799479166666667 0.8698611111111112 0.23598958333333334 0.2602777777777778
0 0.6394010416666667 0.10717592592592592 0.24536458333333336 0.21435185185185185
1 0.24098958333333337 0.8722222222222222 0.22791666666666668 0.25555555555555554
1 0.548046875 0.5231944444444444 0.18703125 0.47231481481481485
0 0.376796875 0.06185185185185185 0.039739583333333335 0.1237037037037037
3 0.047942708333333334 0.18726851851851853 0.09588541666666667 0.37453703703703706
1 0.5630208333333333 0.2338425925925926 0.15739583333333332 0.2026851851851852
1 0.4320833333333333 0.10726851851851851 0.14375 0.21435185185185185
1 0.44984375000000004 0.7924537037037036 0.4521875 0.41287037037037033
