1 0.9467968750000001 0.7332407407407407 0.10640625000000001 0.18018518518518517
3 0.8898177083333334 0.8913425925925925 0.22036458333333334 0.2173148148148148
3 0.542109375 0.24333333333333335 0.40348958333333335 0.48203703703703704
3 0.4658333333333333 0.14777777777777779 0.3823958333333334 0.29444444444444445
0 0.10911458333333333 0.16490740740740742 0.16166666666666665 0.1837037037037037
1 0.9101302083333334 0.8674537037037037 0.17890625 0.19194444444444445
1 0.44734375000000004 0.6118981481481481 0.28822916666666665 0.34509259259259256
1 0.08695312499999999 0.7661574074074075 0.17161458333333332 0.4652777777777778
0 0.965 0.20699074074074075 0.07 0.21601851851851853
1 0.7928906250000001 0.940324074074074 0.03276041666666667 0.0862037037037037
3 0.4162239583333333 0.3740277777777778 0.15171875 0.1613888888888889
