3 0.9081250000000001 0.18962962962962965 0.18375 0.3792592592592593
0 0.6799999999999999 0.20842592592592593 0.1378125 0.16407407407407407
3 0.13041666666666668 0.6901851851851852 0.26083333333333336 0.5912962962962963
1 0.952421875 0.6289351851851852 0.09515625 0.2826851851851852
1 0.6860677083333333 0.7872222222222223 0.1759895833333333 0.42166666666666663
1 0.4741927083333334 0.8716203703703704 0.19744791666666667 0.25675925925925924
1 0.03502604166666667 0.46935185185185185 0.07005208333333333 0.17314814814814813
1 0.556015625 0.5541203703703704 0.27234375 0.4110185185185185
1 0.35890625000000004 0.3899074074074074 0.121875 0.17666666666666667
3 0.9652604166666666 0.4163425925925926 0.06947916666666668 0.15898148148148147
