3 0.5624739583333334 0.8760648148148148 0.17119791666666667 0.24675925925925926
3 0.23328125000000002 0.19518518518518516 0.4560416666666667 0.3901851851851852
3 0.14880208333333333 0.12513888888888888 0.29760416666666667 0.25027777777777777
0 0.9265885416666666 0.10157407407407407 0.14682291666666666 0.16074074074074074
1 0.6564322916666666 0.8810185185185185 0.21328125 0.23555555555555557
1 0.11947916666666666 0.600138888888889 0.23895833333333333 0.3639814814814815
1 0.9159895833333334 0.5382870370370371 0.16802083333333334 0.45583333333333337
0 0.7226822916666666 0.15921296296296295 0.08432291666666666 0.23175925925925928
1 0.9214583333333334 0.26092592592592595 0.15708333333333335 0.2301851851851852
1 0.7818229166666667 0.12578703703703703 0.10927083333333334 0.2513888888888889
1 0.7852083333333333 0.8003703703703705 0.35708333333333336 0.39222222222222225
3 0.11460937499999999 0.36662037037037043 0.15567708333333333 0.14787037037037035
