3 0.960703125 0.6478703703703703 0.07859375 0.13666666666666666
3 0.9098437500000001 0.7870833333333332 0.17916666666666667 0.30916666666666665
3 0.2923958333333333 0.8772222222222222 0.21875 0.24555555555555555
3 0.12536458333333333 0.21555555555555556 0.2484375 0.4311111111111111
0 0.7878124999999999 0.11888888888888889 0.26760416666666664 0.20203703703703701
1 0.40065104166666665 0.8741203703703704 0.22921875 0.2500925925925926
1 0.695546875 0.5294444444444444 0.1759895833333333 0.46370370370370373
0 0.5119270833333334 0.06893518518518517 0.05572916666666667 0.12842592592592592
1 0.7103645833333333 0.24888888888888885 0.1596875 0.21037037037037035
1 0.5710677083333333 0.11550925925925926 0.12223958333333333 0.23083333333333333
1 0.6070572916666667 0.7948148148148149 0.46057291666666667 0.4087037037037037
