3 0.4768489583333333 0.8722222222222222 0.17890625 0.25555555555555554
3 0.19481770833333334 0.19745370370370371 0.3896354166666667 0.39490740740740743
3 0.10513020833333334 0.09231481481481482 0.21026041666666667 0.18462962962962964
0 0.8878645833333334 0.11574074074074074 0.2234375 0.2137037037037037
1 0.5732291666666666 0.8787037037037037 0.22062500000000002 0.23796296296296296
1 0.07674479166666666 0.5995833333333332 0.15348958333333332 0.334537037037037
1 0.8468489583333334 0.5376851851851853 0.1755729166666667 0.45814814814814814
0 0.6546354166666667 0.13935185185185187 0.07239583333333334 0.2490740740740741
1 0.8564843750000001 0.2588425925925926 0.16296875 0.21842592592592594
1 0.7107291666666667 0.12236111111111111 0.11010416666666667 0.24453703703703705
1 0.7637239583333333 0.800324074074074 0.47171875 0.3945370370370371
3 0.075546875 0.35287037037037033 0.13932291666666666 0.1401851851851852
