1 0.9613541666666666 0.5435648148148148 0.07729166666666668 0.5052777777777778
3 0.6083333333333333 0.6301851851851852 0.14510416666666667 0.18611111111111112
3 0.518203125 0.7617592592592592 0.17567708333333334 0.3433333333333333
3 0.70875 0.8339351851851853 0.209375 0.3250925925925926
0 0.4125260416666666 0.12574074074074076 0.22515625 0.2490740740740741
1 0.060859375 0.865462962962963 0.12171875 0.26796296296296296
1 0.285234375 0.5105092592592593 0.12630208333333334 0.4791666666666667
0 0.14622395833333332 0.06777777777777778 0.054322916666666665 0.13314814814814815
1 0.3371875 0.229537037037037 0.15125 0.23351851851851851
1 0.22322916666666667 0.05550925925925926 0.13635416666666667 0.1086111111111111
1 0.22549479166666667 0.7891666666666666 0.45098958333333333 0.42166666666666663
1 0.14846354166666667 0.1586111111111111 0.03744791666666667 0.06962962962962964
