1 0.9298958333333333 0.5112037037037037 0.14020833333333332 0.5653703703703704
3 0.528203125 0.6237037037037036 0.14776041666666667 0.2061111111111111
3 0.436953125 0.755925925925926 0.17348958333333334 0.34574074074074074
3 0.6333072916666667 0.8286111111111111 0.21421875 0.3427777777777778
0 0.33893229166666666 0.12638888888888888 0.21328125 0.25277777777777777
1 0.20947916666666666 0.5092592592592593 0.1265625 0.4885185185185185
0 0.06471354166666667 0.06537037037037037 0.06359374999999999 0.13074074074074074
1 0.26067708333333334 0.22939814814814816 0.14875000000000002 0.22083333333333333
1 0.15460937500000002 0.04675925925925926 0.15807291666666667 0.09111111111111111
1 0.18960937499999997 0.8292592592592591 0.37567708333333333 0.33925925925925926
1 0.06763020833333333 0.14078703703703704 0.039427083333333335 0.06194444444444445
