3 0.7313802083333333 0.8833796296296297 0.20119791666666667 0.23324074074074075
3 0.38666666666666666 0.20583333333333334 0.43979166666666664 0.4116666666666667
3 0.292734375 0.1360648148148148 0.35421875 0.2721296296296296
1 0.7948177083333333 0.8822222222222222 0.24921875 0.23555555555555557
1 0.2787239583333333 0.6134722222222222 0.26765625 0.36546296296296293
1 0.9865364583333333 0.5541666666666667 0.026927083333333334 0.40166666666666667
0 0.845703125 0.19300925925925924 0.08713541666666667 0.19268518518518518
0 0.9760677083333333 0.08527777777777777 0.047864583333333335 0.09555555555555556
1 0.6455989583333334 0.9336574074074074 0.028593749999999998 0.08212962962962964
1 0.9228125000000001 0.13638888888888887 0.12177083333333334 0.27259259259259255
1 0.8765625 0.8097222222222222 0.246875 0.37333333333333335
3 0.2799479166666667 0.3668518518518518 0.16041666666666668 0.15185185185185185
