1 0.88265625 0.7155555555555556 0.1159375 0.16611111111111113
3 0.8199739583333334 0.8863425925925926 0.22807291666666665 0.2273148148148148
3 0.47153645833333335 0.2314351851851852 0.40546875 0.4582407407407407
3 0.38317708333333333 0.1366666666666667 0.3692708333333333 0.27092592592592596
0 0.06106770833333333 0.15314814814814814 0.11859375 0.1837037037037037
1 0.8694270833333333 0.882175925925926 0.24708333333333332 0.23324074074074075
1 0.36484375 0.6179629629629629 0.27427083333333335 0.36592592592592593
1 0.04859375 0.7974537037037037 0.0971875 0.40046296296296297
0 0.908203125 0.20009259259259263 0.08734375 0.20444444444444446
1 0.7211458333333333 0.9380092592592593 0.029479166666666667 0.0862037037037037
1 0.9613541666666666 0.15893518518518518 0.07729166666666668 0.24287037037037038
3 0.35052083333333334 0.3776851851851852 0.1634375 0.1475925925925926
