0 0.20505208333333336 0.524074074074074 0.15083333333333335 0.20314814814814816
3 0.085390625 0.2665740740740741 0.17078125 0.5331481481481481
3 0.45265625000000004 0.8838425925925926 0.15572916666666667 0.10842592592592593
0 0.07169270833333334 0.9583796296296296 0.06401041666666667 0.08324074074074074
1 0.16820312499999998 0.9438888888888889 0.19776041666666666 0.11222222222222222
1 0.10721354166666666 0.610787037037037 0.21442708333333332 0.18453703703703705
1 0.304765625 0.17453703703703705 0.13380208333333332 0.34203703703703703
1 0.22552083333333334 0.337037037037037 0.088125 0.16814814814814813
1 0.42833333333333334 0.46662037037037035 0.21760416666666668 0.31287037037037035
1 0.7540104166666667 0.6350925925925925 0.07833333333333334 0.16462962962962965
1 0.6279166666666666 0.9738888888888888 0.08385416666666666 0.05222222222222222
