1 0.9623177083333333 0.4258333333333333 0.07536458333333333 0.13740740740740742
0 0.8678385416666666 0.09490740740740741 0.11994791666666667 0.18981481481481483
1 0.698359375 0.37666666666666665 0.3011979166666666 0.4557407407407407
1 0.4221875 0.6281944444444445 0.180625 0.4034259259259259
1 0.09546875 0.6502777777777777 0.1909375 0.4105555555555555
1 0.35695312500000004 0.03851851851851852 0.20442708333333334 0.07703703703703704
1 0.017395833333333333 0.4907870370370371 0.034791666666666665 0.15824074074074074
1 0.26067708333333334 0.860925925925926 0.176875 0.215
1 0.78921875 0.5920833333333333 0.09177083333333333 0.09916666666666667
1 0.755859375 0.8128240740740741 0.05078125 0.09324074074074075
