1 0.06544270833333334 0.6043518518518518 0.13088541666666667 0.18407407407407408
0 0.11950520833333335 0.5269907407407407 0.15682291666666667 0.21916666666666665
3 0.048984375 0.25467592592592586 0.09796875 0.4817592592592592
3 0.36890625 0.8845833333333334 0.15802083333333333 0.09787037037037037
0 0.01736979166666667 0.9515277777777776 0.03473958333333334 0.09694444444444444
1 0.093359375 0.9411574074074074 0.14109375 0.11768518518518518
1 0.23450520833333333 0.17023148148148148 0.12828125 0.34046296296296297
1 0.15296875 0.3335648148148148 0.09604166666666666 0.17250000000000001
1 0.35666666666666663 0.45976851851851847 0.21989583333333332 0.3113888888888889
1 0.6776302083333333 0.633611111111111 0.07901041666666667 0.17111111111111113
1 0.5498958333333334 0.9736574074074074 0.09604166666666666 0.05268518518518518
