0 0.9671614583333333 0.10486111111111111 0.06567708333333333 0.1900925925925926
1 0.7895572916666667 0.2751388888888889 0.21526041666666668 0.24787037037037035
1 0.9182031249999999 0.48569444444444443 0.13734375 0.2071296296296296
1 0.5707291666666666 0.6368055555555555 0.1575 0.40694444444444444
1 0.20916666666666667 0.6569907407407407 0.2947916666666667 0.41175925925925927
1 0.5000260416666666 0.04259259259259259 0.20744791666666668 0.08518518518518518
1 0.09859375000000001 0.5411574074074075 0.19718750000000002 0.28046296296296297
1 0.40963541666666664 0.8750925925925926 0.18427083333333333 0.1872222222222222
1 0.9372395833333333 0.5950462962962962 0.080625 0.09324074074074075
1 0.9080208333333334 0.8233333333333334 0.0421875 0.08148148148148149
