1 0.8528385416666667 0.7125462962962964 0.11869791666666667 0.3302777777777778
1 0.9006249999999999 0.7293518518518519 0.02666666666666667 0.09277777777777778
1 0.7479687500000001 0.7768055555555556 0.129375 0.30009259259259263
3 0.3985677083333333 0.600925925925926 0.20651041666666667 0.27629629629629626
3 0.24713541666666666 0.5884259259259259 0.3153125 0.607962962962963
1 0.7491927083333334 0.5812962962962962 0.05588541666666667 0.14351851851851852
3 0.08471354166666667 0.08421296296296296 0.16942708333333334 0.16842592592592592
1 0.6242447916666667 0.7360648148148149 0.15723958333333332 0.24712962962962962
1 0.56109375 0.5850925925925926 0.03864583333333334 0.023703703703703706
3 0.4060416666666667 0.7590277777777777 0.03739583333333333 0.07064814814814814
