1 0.9268229166666667 0.7147222222222223 0.13135416666666666 0.3274074074074074
1 0.969375 0.7007870370370369 0.009583333333333333 0.027870370370370372
1 0.8197395833333334 0.796712962962963 0.1203125 0.26287037037037037
3 0.47588541666666667 0.602824074074074 0.209375 0.2826851851851852
3 0.33591145833333336 0.5929166666666665 0.3033854166666667 0.6076851851851851
1 0.820234375 0.587037037037037 0.04932291666666667 0.13925925925925928
3 0.13395833333333332 0.09055555555555556 0.21010416666666665 0.1811111111111111
1 0.701328125 0.7399537037037038 0.15786458333333334 0.23879629629629628
1 0.632421875 0.5914351851851852 0.05973958333333333 0.02824074074074074
3 0.48997395833333335 0.761435185185185 0.04901041666666666 0.06398148148148147
