1 0.02 0.5509722222222222 0.04 0.09731481481481481
0 0.05815104166666667 0.5209722222222222 0.11630208333333333 0.22416666666666665
3 0.0078125 0.2985648148148148 0.015625 0.22842592592592592
3 0.286171875 0.8661574074074073 0.16161458333333334 0.11694444444444445
1 0.05325520833333333 0.9398611111111111 0.10651041666666666 0.12027777777777779
1 0.16070312499999997 0.1701388888888889 0.12536458333333333 0.3402777777777778
1 0.07752604166666667 0.32999999999999996 0.11442708333333333 0.1877777777777778
1 0.283125 0.4606944444444444 0.21229166666666668 0.29787037037037034
1 0.5979166666666667 0.6318518518518518 0.08 0.17462962962962963
1 0.4649739583333333 0.9742129629629629 0.10234375 0.05157407407407408
