0 0.2872395833333333 0.5296296296296297 0.15520833333333334 0.21000000000000002
3 0.12421875 0.3390740740740741 0.2484375 0.6487037037037037
3 0.5341927083333334 0.882962962962963 0.15015625000000002 0.10407407407407408
0 0.11807291666666668 0.9631944444444445 0.06447916666666667 0.07361111111111111
1 0.22416666666666668 0.9468518518518518 0.09874999999999999 0.10629629629629629
1 0.049973958333333325 0.9499537037037038 0.09515625 0.1000925925925926
1 0.18356770833333336 0.6122685185185185 0.23390625 0.18416666666666667
1 0.3751302083333333 0.17620370370370372 0.13953125 0.33685185185185185
1 0.29739583333333336 0.34180555555555553 0.09125 0.17027777777777778
1 0.5002604166666667 0.47129629629629627 0.22062500000000002 0.3053703703703704
1 0.8304166666666666 0.6366666666666667 0.07770833333333332 0.15814814814814815
1 0.7053125 0.9730092592592594 0.08541666666666667 0.05398148148148148
