3 0.9366406250000001 0.34249999999999997 0.12671875000000002 0.37574074074074076
3 0.47622395833333336 0.35398148148148145 0.11765625 0.41685185185185186
1 0.943984375 0.9339351851851851 0.11203125 0.13212962962962962
1 0.05255208333333334 0.381712962962963 0.10510416666666668 0.18231481481481482
3 0.24992187500000002 0.6573611111111112 0.38473958333333336 0.5663888888888889
1 0.007604166666666666 0.2363888888888889 0.015208333333333332 0.10814814814814815
1 0.6138802083333333 0.737037037037037 0.038697916666666665 0.10574074074074075
1 0.6883072916666666 0.7464351851851853 0.09140625 0.11194444444444444
1 0.37281250000000005 0.12254629629629629 0.18187499999999998 0.24509259259259258
1 0.40395833333333336 0.7672685185185185 0.04114583333333333 0.09509259259259259
