1 0.40341145833333336 0.9641203703703703 0.04567708333333333 0.07175925925925926
0 0.6160416666666666 0.535 0.17479166666666668 0.1864814814814815
3 0.397578125 0.3669907407407408 0.30786458333333333 0.6149074074074075
3 0.8362239583333333 0.8837037037037037 0.14578125 0.1137037037037037
0 0.3365885416666667 0.9437037037037036 0.11151041666666667 0.11259259259259259
1 0.078359375 0.31518518518518523 0.12005208333333334 0.1311111111111111
1 0.2809375 0.9031481481481481 0.1215625 0.19370370370370368
1 0.5169270833333334 0.6343981481481481 0.24354166666666668 0.19842592592592595
1 0.6544270833333333 0.19106481481481483 0.15447916666666667 0.3250925925925926
1 0.5836718750000001 0.3336574074074074 0.06848958333333334 0.13694444444444445
1 0.7840104166666667 0.4434259259259259 0.21760416666666668 0.23425925925925925
1 0.9812239583333333 0.9748148148148148 0.03755208333333333 0.05037037037037037
