1 0.285546875 0.9690740740740742 0.03015625 0.06185185185185185
0 0.4549739583333333 0.5274074074074074 0.16401041666666666 0.18981481481481483
3 0.23497395833333334 0.362962962962963 0.32744791666666667 0.6259259259259259
3 0.6872395833333333 0.8835648148148149 0.15010416666666665 0.11731481481481482
0 0.22903645833333333 0.942175925925926 0.09026041666666668 0.11564814814814815
1 0.16302083333333334 0.9147222222222222 0.07729166666666668 0.17055555555555554
1 0.35304687500000004 0.6282870370370371 0.23453125 0.19990740740740742
1 0.5159635416666667 0.18120370370370373 0.14744791666666668 0.32944444444444443
1 0.4363802083333333 0.33027777777777784 0.07661458333333333 0.13870370370370372
1 0.6423177083333333 0.4383796296296296 0.22265625 0.24990740740740738
1 0.970859375 0.6421296296296296 0.05828125 0.15425925925925926
1 0.848828125 0.9748611111111113 0.06328125 0.050277777777777775
