0 0.3725781249999999 0.5242592592592593 0.15734375 0.19185185185185183
3 0.16187500000000002 0.3545833333333333 0.32375000000000004 0.6319444444444444
3 0.608203125 0.8853240740740742 0.1525520833333333 0.10916666666666668
0 0.16872395833333334 0.9495833333333333 0.06567708333333333 0.10083333333333334
1 0.23885416666666667 0.9729166666666667 0.049791666666666665 0.05416666666666667
1 0.10309895833333332 0.9354166666666667 0.08171875 0.12916666666666668
1 0.26677083333333335 0.6203703703703703 0.23645833333333333 0.19703703703703704
1 0.4457291666666667 0.18277777777777776 0.14229166666666665 0.34203703703703703
1 0.371875 0.34694444444444444 0.09416666666666668 0.17555555555555555
1 0.5716666666666667 0.4746296296296296 0.22083333333333333 0.30722222222222223
1 0.9046093749999999 0.6376851851851852 0.07557291666666667 0.14833333333333332
1 0.7770833333333333 0.9738888888888888 0.07385416666666668 0.05222222222222222
