1 0.9021354166666667 0.4343518518518519 0.19572916666666668 0.17703703703703702
0 0.7371614583333334 0.08851851851851851 0.12567708333333333 0.17703703703703702
1 0.5523958333333333 0.36694444444444446 0.30239583333333336 0.46370370370370373
1 0.9787239583333333 0.40078703703703705 0.04255208333333334 0.08657407407407407
1 0.9944010416666667 0.5402777777777777 0.011197916666666667 0.042222222222222223
1 0.270703125 0.6230555555555556 0.18328124999999998 0.40240740740740744
1 0.22229166666666664 0.034999999999999996 0.21364583333333334 0.06999999999999999
1 0.10453125 0.8397222222222221 0.18416666666666667 0.24648148148148147
1 0.6290104166666667 0.6044907407407407 0.120625 0.13694444444444445
1 0.5899479166666667 0.7959722222222222 0.06875 0.10212962962962963
