1 0.7752604166666667 0.7084722222222223 0.1 0.33712962962962967
1 0.8282291666666667 0.7353240740740741 0.030520833333333334 0.1126851851851852
1 0.6734114583333333 0.7782407407407408 0.14151041666666667 0.3011111111111111
3 0.31325520833333337 0.5969444444444445 0.22348958333333335 0.2801851851851852
3 0.16174479166666667 0.5849537037037037 0.32348958333333333 0.605462962962963
1 0.6804166666666666 0.5776851851851852 0.06260416666666667 0.14555555555555555
3 0.04505208333333333 0.07092592592592592 0.09010416666666667 0.14185185185185184
1 0.5483333333333333 0.7300462962962964 0.16260416666666666 0.2525
1 0.4860416666666667 0.5810648148148149 0.035 0.022129629629629628
3 0.31408854166666667 0.7575925925925926 0.04078125 0.06388888888888888
