0 0.934296875 0.09800925925925925 0.13140625 0.1960185185185185
1 0.724609375 0.27398148148148144 0.21432291666666667 0.24388888888888888
1 0.84765625 0.48361111111111105 0.14020833333333332 0.24444444444444444
1 0.49820312499999997 0.6331481481481481 0.16765624999999998 0.40407407407407403
1 0.13682291666666666 0.6551851851851852 0.2736458333333333 0.4109259259259259
1 0.426484375 0.04106481481481482 0.20744791666666668 0.08212962962962964
1 0.059140624999999995 0.5122222222222222 0.11828124999999999 0.23222222222222225
1 0.3335416666666667 0.876712962962963 0.18145833333333333 0.19490740740740742
1 0.8635937499999999 0.5947222222222222 0.08104166666666666 0.095
1 0.8327864583333332 0.8174537037037036 0.04515625 0.0862037037037037
