1 0.3466927083333333 0.9674537037037039 0.04130208333333333 0.06509259259259259
0 0.5343229166666666 0.5320370370370371 0.169375 0.18888888888888888
3 0.31744791666666666 0.3650462962962963 0.3145833333333333 0.6212037037037037
3 0.7617708333333333 0.8873148148148149 0.14645833333333333 0.115
0 0.28375 0.9430092592592592 0.10114583333333332 0.11398148148148148
1 0.03036458333333333 0.31055555555555553 0.06072916666666666 0.11796296296296296
1 0.22356770833333334 0.9128703703703703 0.08630208333333332 0.17425925925925925
1 0.43315104166666674 0.6321296296296297 0.2380729166666667 0.19166666666666668
1 0.5850520833333334 0.18537037037037038 0.151875 0.32833333333333337
1 0.5083072916666667 0.33115740740740746 0.07119791666666667 0.14175925925925925
1 0.7139583333333334 0.45018518518518524 0.223125 0.2622222222222222
1 0.9197916666666667 0.9748611111111113 0.06229166666666666 0.050277777777777775
