3 0.930234375 0.1372685185185185 0.13953125 0.2721296296296296
1 0.8596614583333333 0.7084722222222223 0.2806770833333333 0.5806481481481481
1 0.7145312500000001 0.1784259259259259 0.14739583333333334 0.3568518518518518
1 0.6225781250000001 0.8164814814814815 0.17932291666666667 0.3098148148148148
1 0.4725260416666667 0.542962962962963 0.42203124999999997 0.33925925925925926
3 0.49309895833333334 0.3531481481481481 0.20484375000000002 0.2524074074074074
3 0.317265625 0.13194444444444445 0.19546875 0.2544444444444445
1 0.18497395833333333 0.6625462962962962 0.26171875 0.3050925925925926
1 0.05190104166666667 0.4334722222222222 0.10380208333333334 0.30157407407407405
1 0.05182291666666667 0.8962962962962963 0.10135416666666666 0.2001851851851852
