1 0.2748177083333333 0.4334259259259259 0.11526041666666667 0.19111111111111112
3 0.3137239583333333 0.14439814814814814 0.37515624999999997 0.2887962962962963
1 0.8748177083333334 0.5750925925925926 0.08067708333333333 0.17703703703703702
3 0.9590624999999999 0.5406018518518518 0.08187499999999999 0.12398148148148148
3 0.5227083333333333 0.3589351851851852 0.28375 0.37861111111111106
3 0.728125 0.45689814814814816 0.23729166666666668 0.47379629629629627
1 0.6118229166666667 0.7028240740740741 0.19927083333333334 0.3525
3 0.066875 0.29814814814814816 0.13375 0.41000000000000003
1 0.8223437499999999 0.9431481481481482 0.06937499999999999 0.0862962962962963
1 0.6763541666666666 0.49939814814814815 0.08916666666666666 0.16101851851851853
3 0.9573958333333333 0.07120370370370371 0.08520833333333333 0.14240740740740743
