1 0.9202864583333333 0.6925462962962964 0.15942708333333336 0.5087962962962963
1 0.842265625 0.18611111111111112 0.15307291666666664 0.3698148148148148
1 0.7657031249999999 0.8182407407407408 0.17536458333333332 0.30703703703703705
1 0.6086979166666667 0.5539351851851851 0.4173958333333333 0.3258333333333333
3 0.6349479166666666 0.36277777777777775 0.209375 0.252037037037037
3 0.45276041666666667 0.13939814814814816 0.1877083333333333 0.25601851851851853
1 0.34927083333333336 0.6684722222222222 0.25729166666666664 0.31212962962962965
1 0.12369791666666667 0.4311574074074074 0.24250000000000002 0.31805555555555554
1 0.20289062500000002 0.8969907407407407 0.10932291666666667 0.20379629629629628
3 0.03966145833333334 0.28032407407407406 0.07932291666666667 0.3321296296296296
