3 0.33328125 0.2501851851851852 0.09229166666666666 0.09518518518518518
1 0.909765625 0.8581018518518518 0.18046875 0.28379629629629627
1 0.6979947916666667 0.4516666666666666 0.24140625 0.2548148148148148
3 0.8709114583333334 0.27 0.10536458333333334 0.1762962962962963
3 0.29401041666666666 0.5150462962962963 0.12958333333333333 0.30564814814814817
0 0.4790104166666667 0.7677314814814815 0.19135416666666666 0.26583333333333337
0 0.03328125 0.36453703703703705 0.0665625 0.17833333333333332
1 0.8263281250000001 0.876712962962963 0.06526041666666667 0.21287037037037038
3 0.051953125 0.9044444444444444 0.10390625 0.19037037037037036
3 0.28119791666666666 0.1376851851851852 0.23427083333333334 0.2753703703703704
