1 0.20539062500000002 0.6706944444444444 0.3966145833333333 0.4350925925925926
1 0.23359375 0.5002314814814814 0.1915625 0.44435185185185183
3 0.5313541666666667 0.04398148148148148 0.059583333333333335 0.08796296296296297
1 0.7990364583333333 0.5134722222222223 0.06286458333333333 0.11194444444444444
1 0.09515625 0.3226388888888889 0.1903125 0.3502777777777778
1 0.37046874999999996 0.33814814814814814 0.19375 0.1827777777777778
1 0.11747395833333334 0.8109259259259259 0.23494791666666667 0.3159259259259259
1 0.8001562500000001 0.35555555555555557 0.08479166666666667 0.13629629629629628
1 0.928046875 0.32972222222222225 0.14390625 0.11018518518518519
1 0.4473697916666667 0.6827314814814816 0.18317708333333332 0.29416666666666663
