3 0.7878645833333333 0.8355555555555555 0.2540625 0.3288888888888889
3 0.40588541666666667 0.1437962962962963 0.33156250000000004 0.2875925925925926
3 0.7078645833333332 0.24675925925925926 0.13020833333333334 0.17555555555555555
1 0.8015885416666666 0.40652777777777777 0.22755208333333332 0.3250925925925926
3 0.41627604166666665 0.3943055555555556 0.15119791666666668 0.2710185185185185
1 0.18994791666666666 0.29685185185185187 0.3798958333333333 0.3883333333333333
1 0.3728125 0.524351851851852 0.09322916666666667 0.09111111111111111
1 0.029921875 0.845925925925926 0.05984375 0.30814814814814817
3 0.45575520833333333 0.2874074074074074 0.05182291666666667 0.12
1 0.8677604166666666 0.6560648148148148 0.20083333333333334 0.3063888888888889
1 0.9503645833333334 0.5821296296296297 0.09927083333333334 0.5046296296296297
