3 0.9653385416666667 0.10074074074074074 0.06932291666666666 0.19907407407407407
1 0.8875 0.6908333333333333 0.225 0.517037037037037
1 0.7789583333333334 0.18199074074074076 0.14708333333333332 0.3639814814814815
1 0.698125 0.8197685185185185 0.17625 0.3086111111111111
1 0.5411197916666667 0.5471296296296297 0.4253645833333334 0.3357407407407408
3 0.5663020833333333 0.3568518518518518 0.209375 0.252037037037037
3 0.38640625000000006 0.13490740740740742 0.19145833333333334 0.257962962962963
1 0.268125 0.6655092592592593 0.2575 0.3086111111111111
1 0.08890625 0.42875 0.17427083333333335 0.3156481481481481
1 0.12736979166666668 0.8966666666666666 0.10536458333333334 0.20203703703703701
