1 0.3201822916666667 0.4759259259259259 0.3696354166666667 0.4675925925925926
1 0.6465624999999999 0.8111574074074074 0.10791666666666666 0.21342592592592594
1 0.8171354166666667 0.6325925925925926 0.18822916666666664 0.5068518518518518
1 0.14697916666666666 0.7666203703703703 0.09947916666666666 0.2223148148148148
3 0.8829947916666666 0.06199074074074074 0.20005208333333335 0.12398148148148148
3 0.9301822916666667 0.5268055555555556 0.13963541666666668 0.5036111111111111
1 0.37953125000000004 0.24277777777777776 0.19239583333333332 0.31
1 0.9047656249999999 0.24504629629629626 0.19046875 0.15694444444444444
1 0.7699479166666666 0.41986111111111113 0.21572916666666667 0.33305555555555555
1 0.5283593750000001 0.6787962962962963 0.07526041666666666 0.16037037037037036
