1 0.4622916666666666 0.23500000000000001 0.176875 0.3433333333333333
1 0.9703125 0.9120833333333334 0.059375 0.17583333333333334
1 0.66734375 0.7428703703703704 0.09739583333333333 0.13074074074074074
1 0.80328125 0.7662962962962963 0.12739583333333332 0.2383333333333333
3 0.14776041666666667 0.15125 0.29552083333333334 0.3025
3 0.7209635416666667 0.6591203703703704 0.08151041666666667 0.05324074074074074
3 0.5155729166666666 0.38296296296296295 0.10083333333333333 0.24574074074074073
1 0.8711458333333334 0.4882870370370371 0.2577083333333333 0.29194444444444445
1 0.50625 0.7793055555555556 0.19 0.31342592592592594
1 0.4525520833333333 0.5058333333333332 0.146875 0.2588888888888889
3 0.9749479166666666 0.19583333333333333 0.050104166666666665 0.14092592592592593
