3 0.861171875 0.8911574074074073 0.23182291666666668 0.21583333333333332
1 0.48552083333333335 0.1250925925925926 0.10645833333333334 0.1512962962962963
1 0.890625 0.8055092592592592 0.1671875 0.14750000000000002
1 0.951875 0.6981481481481482 0.09625 0.2951851851851852
3 0.6297916666666666 0.49805555555555564 0.11875 0.24685185185185188
3 0.41541666666666666 0.9071296296296296 0.09854166666666667 0.18555555555555556
3 0.4326302083333333 0.42287037037037034 0.10890625 0.262037037037037
1 0.9029947916666666 0.36412037037037037 0.10046875000000001 0.21398148148148147
3 0.21867187500000002 0.5688888888888889 0.24984375 0.537962962962963
3 0.132890625 0.1699074074074074 0.26578125 0.3398148148148148
3 0.4988802083333333 0.269212962962963 0.15671875 0.27120370370370367
