1 0.481171875 0.2973148148148148 0.10984375 0.2638888888888889
3 0.053411458333333335 0.5948148148148148 0.10682291666666667 0.3188888888888889
3 0.5998697916666667 0.3447222222222222 0.1521354166666667 0.3190740740740741
1 0.7090364583333333 0.18208333333333335 0.09036458333333333 0.2565740740740741
1 0.093125 0.6813425925925927 0.18625 0.48842592592592593
1 0.8148697916666667 0.8604629629629629 0.25848958333333333 0.27907407407407403
3 0.958359375 0.42185185185185187 0.08328125 0.25555555555555554
0 0.38848958333333333 0.5025925925925926 0.11875 0.33999999999999997
1 0.8318489583333333 0.45523148148148146 0.25942708333333336 0.25953703703703707
1 0.7578125 0.6255555555555555 0.17604166666666668 0.32462962962962966
