1 0.9534114583333333 0.6502314814814815 0.09317708333333334 0.4193518518518518
1 0.9084635416666667 0.18726851851851853 0.15171875 0.37453703703703706
1 0.8332812500000001 0.8166203703703704 0.17447916666666666 0.30546296296296294
1 0.6765885416666666 0.5573148148148148 0.4127604166666667 0.32314814814814813
3 0.7033072916666667 0.36870370370370376 0.21005208333333333 0.252037037037037
3 0.5191145833333334 0.14388888888888887 0.18395833333333333 0.25407407407407406
1 0.4261197916666667 0.6713425925925925 0.26567708333333334 0.3156481481481481
1 0.20005208333333335 0.4334722222222222 0.23552083333333332 0.31805555555555554
1 0.271796875 0.8978703703703704 0.11859375 0.20203703703703701
3 0.07609375 0.31625000000000003 0.1521875 0.4652777777777778
