1 0.986875 0.7356018518518519 0.02625 0.08601851851851852
3 0.8967708333333333 0.13717592592592592 0.20645833333333333 0.26972222222222225
1 0.7909895833333332 0.7078703703703704 0.294375 0.5818518518518518
1 0.6494270833333332 0.1749074074074074 0.1490625 0.3498148148148148
1 0.54703125 0.8130555555555555 0.18239583333333334 0.31092592592592594
1 0.401953125 0.5389351851851851 0.42401041666666667 0.34750000000000003
3 0.42127604166666666 0.3493981481481482 0.20296875 0.2528703703703704
3 0.24815104166666666 0.12893518518518518 0.1994270833333333 0.2508333333333333
1 0.11841145833333333 0.6378703703703703 0.23588541666666665 0.2674074074074074
1 0.014140624999999999 0.5011574074074074 0.028281249999999997 0.1449074074074074
