1 0.756328125 0.5005555555555555 0.14734375 0.3637037037037037
1 0.22859374999999998 0.48518518518518516 0.21687499999999998 0.31462962962962965
3 0.5742447916666666 0.39708333333333334 0.17859375 0.21064814814814814
1 0.8000260416666668 0.7986111111111112 0.22984375 0.31222222222222223
0 0.059583333333333335 0.28319444444444447 0.11916666666666667 0.3778703703703704
1 0.18497395833333333 0.6877777777777778 0.26796875 0.415
1 0.8919791666666667 0.6617592592592592 0.029166666666666667 0.03666666666666667
3 0.5002083333333334 0.18 0.18833333333333335 0.36
2 0.447265625 0.3095833333333334 0.10984375 0.23435185185185184
1 0.840625 0.41254629629629624 0.2509375 0.5669444444444444
