1 0.6730729166666667 0.9718055555555555 0.06937499999999999 0.056388888888888884
3 0.5657552083333334 0.12027777777777779 0.18609375 0.24055555555555558
3 0.49742187499999996 0.5337962962962963 0.04338541666666666 0.13592592592592595
3 0.5413802083333333 0.30680555555555555 0.13807291666666668 0.15787037037037038
3 0.28567708333333336 0.06888888888888889 0.16333333333333336 0.13777777777777778
3 0.6590885416666666 0.5303240740740741 0.25494791666666666 0.32787037037037037
3 0.06809895833333333 0.5862499999999999 0.13619791666666667 0.12083333333333333
1 0.05635416666666667 0.47203703703703703 0.11270833333333334 0.22166666666666668
1 0.671328125 0.7525462962962963 0.30734375 0.4949074074074074
3 0.44742187499999997 0.14680555555555558 0.06588541666666667 0.18453703703703705
1 0.5103645833333333 0.9037962962962963 0.15520833333333334 0.19240740740740742
3 0.5043229166666666 0.7679166666666667 0.034375 0.0875
1 0.8437760416666666 0.7253703703703703 0.15369791666666668 0.26851851851851855
