3 0.11776041666666666 0.55125 0.23552083333333332 0.295462962962963
0 0.4226822916666667 0.49009259259259264 0.13786458333333332 0.22814814814814816
1 0.105859375 0.6830092592592593 0.21171875 0.32935185185185184
1 0.9028125 0.3190740740740741 0.06083333333333333 0.07037037037037037
0 0.7012760416666667 0.12101851851851851 0.15890625 0.13722222222222222
1 0.3468489583333333 0.6736574074074074 0.028281249999999997 0.21842592592592594
1 0.714765625 0.8367129629629629 0.15651041666666668 0.19046296296296295
3 0.9055729166666667 0.8356018518518518 0.11739583333333334 0.1975
1 0.12299479166666666 0.3184259259259259 0.23432291666666666 0.2548148148148148
3 0.080703125 0.8083796296296296 0.12567708333333333 0.3402777777777778
