3 0.9572135416666667 0.5034259259259259 0.08557291666666668 0.29648148148148146
1 0.6395572916666666 0.6503240740740741 0.25005208333333334 0.2812037037037037
3 0.84375 0.5577777777777777 0.19927083333333334 0.3962962962962963
3 0.8017708333333334 0.7222222222222222 0.1040625 0.23592592592592593
3 0.7122916666666667 0.41967592592592595 0.14645833333333333 0.27194444444444443
1 0.6128645833333334 0.46166666666666667 0.13385416666666666 0.15796296296296294
1 0.44528645833333336 0.37680555555555556 0.16869791666666664 0.3934259259259259
3 0.18901041666666665 0.6505555555555556 0.1009375 0.23351851851851851
1 0.019895833333333335 0.887824074074074 0.03979166666666667 0.06324074074074074
1 0.96890625 0.3088425925925926 0.0621875 0.07453703703703704
