0 0.88046875 0.8710185185185185 0.16593750000000002 0.20925925925925926
1 0.1378125 0.5208796296296296 0.17020833333333335 0.3408333333333334
1 0.053203125000000004 0.2721296296296296 0.10640625000000001 0.0938888888888889
1 0.643203125 0.43833333333333335 0.33067708333333334 0.5335185185185186
0 0.7002083333333332 0.16407407407407407 0.07458333333333332 0.04666666666666667
1 0.3569270833333333 0.5319907407407407 0.07739583333333333 0.533425925925926
0 0.044244791666666665 0.15282407407407408 0.08848958333333333 0.21175925925925926
0 0.7463020833333334 0.052083333333333336 0.1321875 0.10416666666666667
3 0.7138020833333333 0.8081481481481481 0.20479166666666665 0.16537037037037036
1 0.8004687500000001 0.22944444444444445 0.11239583333333333 0.31851851851851853
