1 0.31614583333333335 0.5222685185185185 0.36614583333333334 0.29712962962962963
1 0.6062239583333333 0.4924537037037037 0.2693229166666667 0.29379629629629633
3 0.9533333333333333 0.6068055555555556 0.09333333333333332 0.11046296296296296
1 0.7115364583333332 0.283287037037037 0.10348958333333333 0.3636111111111111
3 0.8425520833333333 0.7809722222222223 0.1421875 0.16342592592592592
3 0.9839062500000001 0.8199074074074074 0.0321875 0.0774074074074074
3 0.4614062500000001 0.42347222222222225 0.19770833333333335 0.2912037037037037
1 0.9074739583333334 0.3443981481481482 0.18505208333333334 0.4380555555555556
3 0.9099479166666667 0.9812037037037038 0.07833333333333334 0.037592592592592594
1 0.9225 0.7749537037037036 0.155 0.15935185185185186
3 0.66203125 0.5968981481481481 0.15989583333333332 0.14046296296296296
1 0.20960937500000001 0.3738888888888888 0.17401041666666667 0.2975925925925926
1 0.84296875 0.584537037037037 0.13979166666666665 0.16185185185185186
