3 0.6043489583333332 0.49740740740740746 0.06328125 0.23314814814814816
1 0.949453125 0.745925925925926 0.10109375 0.17425925925925925
1 0.273046875 0.26254629629629633 0.08984375 0.16953703703703704
1 0.178515625 0.6087962962962963 0.35703125 0.42333333333333334
3 0.5176041666666666 0.4949074074074074 0.19395833333333332 0.30333333333333334
1 0.36460937499999996 0.29958333333333337 0.1447395833333333 0.1836111111111111
1 0.936953125 0.14171296296296299 0.12609375 0.2215740740740741
3 0.5339062499999999 0.32319444444444445 0.20989583333333334 0.2273148148148148
3 0.5881510416666667 0.2676388888888889 0.11203125 0.22583333333333333
1 0.33856770833333333 0.58875 0.17182291666666666 0.23361111111111113
