3 0.2696614583333333 0.30069444444444443 0.14057291666666666 0.18287037037037038
1 0.3979427083333333 0.8019907407407407 0.07682291666666667 0.08064814814814815
1 0.8815624999999999 0.59875 0.16697916666666668 0.2386111111111111
1 0.9564322916666668 0.7656481481481481 0.08713541666666667 0.1524074074074074
1 0.7960156250000001 0.5037962962962963 0.12390625000000001 0.17203703703703704
1 0.7624479166666667 0.7797222222222221 0.20697916666666666 0.23740740740740737
1 0.6869791666666667 0.5969444444444444 0.09916666666666667 0.21000000000000002
3 0.7418229166666667 0.6262962962962962 0.11854166666666667 0.1885185185185185
3 0.5604166666666667 0.04310185185185185 0.1009375 0.0862037037037037
1 0.02265625 0.8575462962962963 0.0453125 0.19953703703703704
1 0.48151041666666666 0.8089351851851851 0.09427083333333333 0.09935185185185184
1 0.8674999999999999 0.870925925925926 0.24229166666666666 0.2581481481481482
