1 0.6025260416666666 0.720925925925926 0.08421875 0.1137037037037037
0 0.12755208333333334 0.2676851851851852 0.09000000000000001 0.09907407407407408
1 0.9026302083333333 0.4588425925925926 0.07484375 0.1137962962962963
1 0.66234375 0.8358796296296296 0.033749999999999995 0.04546296296296296
3 0.8876562499999999 0.7507407407407407 0.22468749999999998 0.49851851851851847
1 0.8234375 0.8598148148148148 0.17447916666666666 0.16574074074074074
1 0.63125 0.6169907407407408 0.03958333333333333 0.11064814814814815
3 0.7494270833333334 0.7552314814814814 0.3271875 0.4895370370370371
1 0.4230989583333333 0.46597222222222223 0.17755208333333333 0.5017592592592592
1 0.40140624999999996 0.8134722222222222 0.13895833333333335 0.2250925925925926
1 0.18388020833333335 0.5833796296296296 0.16567708333333334 0.2487962962962963
