1 0.37307291666666664 0.8699537037037036 0.2632291666666667 0.2600925925925926
1 0.08669270833333333 0.39837962962962964 0.13244791666666667 0.20953703703703705
1 0.7814062500000001 0.6303240740740741 0.21604166666666666 0.4610185185185185
1 0.071875 0.6077777777777778 0.11989583333333333 0.2581481481481482
3 0.31114583333333334 0.871712962962963 0.1109375 0.14250000000000002
0 0.04924479166666666 0.7357407407407408 0.08942708333333332 0.28074074074074074
3 0.11117187499999999 0.9468518518518518 0.12640625 0.10629629629629629
3 0.15796875000000002 0.1076388888888889 0.25864583333333335 0.2152777777777778
0 0.5907291666666666 0.27425925925925926 0.266875 0.40555555555555556
2 0.6353125 0.5190740740740741 0.1203125 0.19407407407407407
1 0.9605208333333334 0.3658333333333333 0.07895833333333332 0.10777777777777778
1 0.37257812500000004 0.6709259259259258 0.21734375 0.3718518518518519
