3 0.4791666666666667 0.4797222222222222 0.17177083333333334 0.30277777777777776
1 0.11955729166666668 0.6190740740740741 0.23911458333333335 0.2814814814814815
3 0.3110156250000001 0.5351851851851852 0.18026041666666667 0.4105555555555555
3 0.27877604166666664 0.704537037037037 0.13192708333333333 0.24351851851851852
3 0.171015625 0.39384259259259263 0.18348958333333334 0.26972222222222225
1 0.06721354166666667 0.4223611111111111 0.13442708333333334 0.13361111111111112
1 0.007760416666666667 0.3421296296296296 0.015520833333333334 0.1877777777777778
1 0.8554427083333334 0.1324537037037037 0.23880208333333333 0.2649074074074074
1 0.6067187500000001 0.39379629629629626 0.249375 0.3090740740740741
1 0.939296875 0.6594907407407408 0.12140625 0.22342592592592594
