3 0.833671875 0.892175925925926 0.08994791666666666 0.21564814814814814
3 0.18002604166666666 0.3315277777777778 0.11401041666666667 0.1787962962962963
3 0.36322916666666666 0.12537037037037038 0.10427083333333333 0.16648148148148148
3 0.47690104166666664 0.5377777777777777 0.13932291666666666 0.31444444444444447
3 0.8556770833333334 0.7502314814814814 0.1290625 0.18416666666666667
3 0.62390625 0.7528703703703703 0.20958333333333332 0.3616666666666667
3 0.9258072916666666 0.6001388888888889 0.14838541666666666 0.27768518518518515
1 0.852109375 0.3541666666666667 0.13484374999999998 0.24018518518518517
1 0.8616927083333333 0.660925925925926 0.20932291666666666 0.19574074074074074
1 0.6133072916666666 0.42569444444444443 0.24213541666666666 0.25175925925925924
0 0.07950520833333334 0.8631944444444445 0.11661458333333334 0.17712962962962964
