1 0.7746354166666667 0.18837962962962962 0.175625 0.37675925925925924
1 0.3042708333333334 0.7611574074074073 0.26645833333333335 0.47768518518518516
0 0.6665104166666667 0.34837962962962965 0.17364583333333333 0.37027777777777776
3 0.552109375 0.4116666666666667 0.20640625 0.3774074074074074
3 0.33531249999999996 0.43939814814814815 0.22125 0.28064814814814815
3 0.55546875 0.9487962962962964 0.17885416666666665 0.1024074074074074
3 0.5990625 0.8696296296296296 0.030000000000000002 0.024444444444444442
3 0.59875 0.034583333333333334 0.10322916666666666 0.06916666666666667
1 0.035859375 0.7882870370370371 0.07171875 0.3460185185185185
3 0.07127604166666666 0.13583333333333333 0.14255208333333333 0.1824074074074074
