1 0.351796875 0.41254629629629624 0.29692708333333334 0.20120370370370372
1 0.41125 0.8768518518518519 0.19854166666666667 0.2462962962962963
1 0.5919270833333333 0.8862037037037037 0.099375 0.22203703703703706
1 0.13484374999999998 0.5376388888888889 0.06645833333333333 0.051944444444444446
1 0.11466145833333334 0.6160648148148148 0.046197916666666665 0.05768518518518518
1 0.547734375 0.6051851851851852 0.15567708333333333 0.18037037037037038
1 0.5273958333333333 0.4523611111111111 0.1408333333333333 0.09731481481481481
1 0.8155989583333334 0.7144907407407408 0.36880208333333336 0.5710185185185186
1 0.20466145833333332 0.7116203703703703 0.20880208333333333 0.3073148148148148
1 0.23804687500000002 0.4797685185185185 0.16609374999999998 0.1502777777777778
1 0.37916666666666665 0.6419907407407408 0.17125 0.2100925925925926
