0 0.3653125 0.6737962962962963 0.09208333333333334 0.07685185185185185
3 0.159140625 0.7903703703703704 0.25807291666666665 0.32425925925925925
1 0.9366145833333334 0.4769907407407407 0.12677083333333333 0.1534259259259259
1 0.97890625 0.22453703703703703 0.0421875 0.17814814814814817
2 0.15072916666666666 0.7093981481481482 0.1234375 0.14750000000000002
1 0.6776302083333333 0.14787037037037035 0.10390625 0.18574074074074073
1 0.8227083333333333 0.8128703703703704 0.19770833333333335 0.16074074074074074
1 0.49067708333333326 0.7158333333333333 0.3070833333333333 0.22851851851851854
1 0.7230989583333333 0.8968055555555556 0.26338541666666665 0.2063888888888889
3 0.5020833333333333 0.5860185185185186 0.09656250000000001 0.14203703703703704
3 0.39044270833333333 0.8113888888888888 0.03203125 0.03851851851851852
