3 0.4384375 0.09162037037037038 0.07906250000000001 0.1826851851851852
1 0.9465364583333334 0.8461111111111111 0.10692708333333334 0.2087037037037037
3 0.4083333333333333 0.8870370370370371 0.11031250000000001 0.22592592592592592
3 0.11908854166666666 0.975 0.07140624999999999 0.05
3 0.17359375000000002 0.8077314814814816 0.07791666666666666 0.14287037037037037
1 0.126796875 0.56875 0.16213541666666667 0.19546296296296295
1 0.248984375 0.3133333333333333 0.25484375 0.4746296296296296
3 0.4083072916666666 0.5223148148148148 0.10171875000000001 0.1622222222222222
1 0.9816927083333334 0.5006944444444444 0.03661458333333333 0.07712962962962963
1 0.9488541666666667 0.3615277777777778 0.035 0.05694444444444444
1 0.9571354166666667 0.22745370370370369 0.08572916666666666 0.2000925925925926
