1 0.053619791666666666 0.46574074074074073 0.10723958333333333 0.17055555555555554
1 0.22700520833333335 0.8533333333333334 0.054427083333333334 0.22481481481481483
1 0.39203125 0.31319444444444444 0.3971875 0.3584259259259259
3 0.6633333333333333 0.32513888888888887 0.15447916666666667 0.3823148148148148
1 0.33393229166666666 0.8020370370370371 0.05901041666666666 0.05925925925925926
1 0.09359374999999999 0.5929629629629629 0.18718749999999998 0.2914814814814815
1 0.8293229166666667 0.6292592592592593 0.3413541666666667 0.41388888888888886
1 0.9922135416666666 0.6257870370370371 0.015677083333333335 0.07268518518518519
1 0.5625 0.7407407407407407 0.08218750000000001 0.14055555555555557
1 0.4052604166666667 0.7625 0.10739583333333333 0.095
1 0.5931770833333334 0.525 0.030104166666666664 0.06166666666666666
1 0.05294270833333334 0.7908796296296297 0.10588541666666668 0.16527777777777777
