1 0.5079427083333333 0.7892592592592592 0.05192708333333333 0.10518518518518517
1 0.5890364583333334 0.5022222222222222 0.03692708333333334 0.13240740740740742
1 0.5314322916666667 0.9601851851851851 0.12223958333333333 0.07962962962962963
1 0.41734375 0.7843518518518519 0.07302083333333333 0.07981481481481481
0 0.54796875 0.5210185185185184 0.08052083333333333 0.22925925925925925
1 0.005546875000000001 0.6207407407407407 0.011093750000000001 0.030555555555555555
1 0.043333333333333335 0.4170833333333333 0.08666666666666667 0.30268518518518517
3 0.2887760416666667 0.7838425925925926 0.08151041666666667 0.2250925925925926
3 0.43031250000000004 0.4635185185185185 0.20854166666666665 0.4309259259259259
3 0.7837760416666666 0.05527777777777778 0.12921875 0.11055555555555556
3 0.5952864583333334 0.08166666666666667 0.27796875000000004 0.16333333333333333
