1 0.32351562500000003 0.7119444444444445 0.16984375000000002 0.3568518518518518
1 0.5643489583333333 0.4164351851851852 0.3474479166666667 0.4934259259259259
1 0.21247395833333332 0.242962962962963 0.05286458333333333 0.06407407407407407
1 0.276328125 0.29810185185185184 0.03494791666666666 0.11305555555555555
1 0.21802083333333336 0.501712962962963 0.03697916666666667 0.07046296296296296
3 0.48067708333333337 0.13476851851851854 0.25343750000000004 0.2695370370370371
0 0.9387760416666667 0.7336111111111111 0.12234375 0.40074074074074073
3 0.8897135416666667 0.3614351851851852 0.11203125 0.25416666666666665
3 0.6654427083333334 0.16837962962962963 0.21734375 0.33675925925925926
3 0.08731770833333334 0.15875 0.17463541666666668 0.23842592592592593
3 0.05630208333333333 0.6422685185185185 0.11260416666666666 0.5415740740740741
