2 0.29721354166666664 0.7667592592592593 0.06546875 0.22314814814814815
3 0.6764322916666666 0.3966203703703704 0.16203125000000002 0.33546296296296296
1 0.82453125 0.8093518518518518 0.22072916666666667 0.2846296296296296
1 0.07494791666666667 0.8322685185185186 0.14989583333333334 0.1673148148148148
1 0.13971354166666666 0.2977314814814815 0.10359375 0.26342592592592595
1 0.9397916666666666 0.7801851851851851 0.12041666666666666 0.2959259259259259
1 0.3480729166666667 0.5390277777777778 0.035520833333333335 0.10805555555555556
1 0.7698437499999999 0.5363888888888888 0.06510416666666667 0.1259259259259259
1 0.41174479166666667 0.7221296296296297 0.16661458333333332 0.27462962962962967
1 0.5938541666666667 0.5197685185185186 0.12322916666666667 0.14527777777777778
