3 0.986953125 0.394212962962963 0.026093750000000002 0.04601851851851852
1 0.8553385416666667 0.6626851851851853 0.24546875 0.26425925925925925
3 0.9776302083333334 0.5817592592592592 0.04473958333333334 0.19166666666666668
3 0.9774218749999999 0.7622222222222222 0.04515625 0.2735185185185185
3 0.919296875 0.43365740740740744 0.16140625 0.2663888888888889
1 0.8336458333333334 0.4829166666666667 0.136875 0.1749074074074074
1 0.6551302083333334 0.38532407407407404 0.17234375 0.38657407407407407
3 0.43117187500000004 0.6500462962962963 0.10015625 0.21787037037037038
3 0.07638020833333334 0.40685185185185185 0.15276041666666668 0.36259259259259263
1 0.22067708333333333 0.8683796296296297 0.13020833333333334 0.11416666666666667
