1 0.38078125 0.49962962962962965 0.12864583333333332 0.15185185185185185
3 0.9823697916666666 0.2783796296296296 0.03526041666666667 0.23935185185185184
3 0.6921875 0.3712962962962963 0.12979166666666667 0.13777777777777778
3 0.664375 0.700324074074074 0.06010416666666667 0.11064814814814815
3 0.5828385416666667 0.830648148148148 0.04442708333333333 0.09037037037037036
1 0.5677083333333334 0.7664351851851852 0.13874999999999998 0.18101851851851852
1 0.31869791666666664 0.8893981481481482 0.12854166666666667 0.2212037037037037
1 0.023489583333333335 0.2914351851851852 0.04697916666666667 0.09101851851851851
3 0.3575260416666667 0.6898148148148148 0.21776041666666668 0.24962962962962965
3 0.91921875 0.07018518518518518 0.1615625 0.14037037037037037
