1 0.820859375 0.8847685185185186 0.04265625 0.04601851851851852
1 0.8446614583333333 0.14162037037037037 0.08609375000000001 0.060833333333333336
0 0.51859375 0.08263888888888889 0.15354166666666666 0.16527777777777777
3 0.7680468749999999 0.04555555555555556 0.16151041666666668 0.09111111111111111
3 0.8998177083333334 0.41458333333333336 0.10130208333333333 0.10194444444444443
1 0.5488541666666666 0.3651851851851852 0.0728125 0.09740740740740741
1 0.06984375 0.39101851851851854 0.1396875 0.24574074074074073
1 0.07755208333333334 0.8797685185185184 0.15510416666666668 0.24046296296296296
1 0.075390625 0.6491203703703703 0.15078125 0.11027777777777777
1 0.3579947916666667 0.9200925925925926 0.20317708333333334 0.1598148148148148
1 0.4659375 0.7962037037037036 0.0890625 0.1987037037037037
1 0.6056770833333334 0.16518518518518518 0.13874999999999998 0.17851851851851852
