1 0.5491666666666667 0.7255555555555555 0.20552083333333335 0.4179629629629629
3 0.2616145833333333 0.2064814814814815 0.25437499999999996 0.28259259259259256
3 0.55671875 0.5275925925925925 0.18416666666666667 0.28629629629629627
3 0.6808072916666668 0.5836574074074075 0.09838541666666667 0.35935185185185187
1 0.8625 0.40314814814814814 0.14395833333333333 0.18129629629629632
1 0.9672135416666666 0.3998611111111111 0.06557291666666668 0.37175925925925923
1 0.9146614583333332 0.2710185185185185 0.17067708333333334 0.33240740740740743
3 0.6590885416666666 0.8380092592592592 0.24130208333333333 0.3239814814814815
1 0.03955729166666667 0.7899537037037037 0.07911458333333334 0.13472222222222222
1 0.05583333333333333 0.9683333333333333 0.11166666666666666 0.06333333333333334
1 0.16838541666666665 0.33828703703703705 0.1996875 0.23824074074074075
1 0.936015625 0.7426388888888888 0.12807291666666668 0.25787037037037036
