3 0.5980208333333333 0.20083333333333334 0.3425 0.40166666666666667
3 0.37833333333333335 0.5917129629629629 0.14666666666666667 0.16027777777777777
1 0.22385416666666666 0.3999537037037037 0.27947916666666667 0.43675925925925924
1 0.059921875 0.6862037037037038 0.11984375 0.2674074074074074
1 0.04533854166666666 0.38601851851851854 0.09067708333333332 0.21814814814814815
1 0.7690104166666667 0.6053240740740741 0.1877083333333333 0.1886111111111111
1 0.365 0.9637037037037036 0.13489583333333333 0.0725925925925926
1 0.4571614583333333 0.9589351851851851 0.06609375 0.08212962962962964
1 0.38221354166666666 0.8273611111111111 0.08869791666666667 0.08842592592592592
1 0.905703125 0.4064814814814815 0.10963541666666667 0.3148148148148148
