1 0.10169270833333334 0.21907407407407406 0.20338541666666668 0.4381481481481481
1 0.7476041666666666 0.6130555555555556 0.30083333333333334 0.39611111111111114
3 0.9645833333333333 0.7744444444444444 0.07083333333333333 0.27425925925925926
1 0.898046875 0.2963425925925926 0.20390625 0.33916666666666667
0 0.3118489583333333 0.029166666666666667 0.06036458333333334 0.058333333333333334
1 0.442265625 0.7392592592592593 0.03036458333333333 0.09407407407407407
1 0.4759114583333333 0.8727777777777778 0.039531250000000004 0.05851851851851852
1 0.5199739583333334 0.7215277777777778 0.07994791666666666 0.08916666666666666
1 0.7721354166666666 0.2838425925925926 0.10291666666666667 0.35435185185185186
1 0.9597916666666666 0.1111574074074074 0.08041666666666666 0.2223148148148148
3 0.2256770833333333 0.2698148148148148 0.13791666666666666 0.5396296296296296
