1 0.03658854166666667 0.4124537037037037 0.07317708333333334 0.14731481481481482
1 0.7538281250000001 0.609074074074074 0.23088541666666668 0.38333333333333336
1 0.6115104166666666 0.7289814814814815 0.13239583333333332 0.26555555555555554
3 0.781640625 0.22199074074074074 0.23182291666666668 0.4439814814814815
3 0.9140104166666666 0.07375000000000001 0.1365625 0.14750000000000002
1 0.9138802083333334 0.678611111111111 0.16057291666666668 0.2544444444444445
1 0.3773958333333333 0.5596296296296296 0.22583333333333336 0.3498148148148148
1 0.3278125 0.8040740740740742 0.23083333333333333 0.1337037037037037
1 0.10848958333333333 0.6156481481481482 0.11541666666666667 0.08518518518518518
1 0.11039062499999999 0.7537037037037037 0.07223958333333333 0.09166666666666666
