0 0.19945312499999998 0.7363888888888889 0.22734375 0.3633333333333333
3 0.20309895833333333 0.3143055555555556 0.1369270833333333 0.2225
3 0.7836979166666665 0.6341666666666668 0.32125 0.7316666666666667
3 0.81921875 0.722037037037037 0.12052083333333334 0.1635185185185185
1 0.7242968750000001 0.6485185185185185 0.09869791666666666 0.06648148148148147
1 0.7549739583333334 0.7224999999999999 0.030677083333333334 0.08851851851851851
1 0.7855989583333333 0.7823148148148148 0.01953125 0.020925925925925928
2 0.4901041666666667 0.7237962962962964 0.43052083333333335 0.5524074074074075
3 0.05098958333333334 0.13958333333333334 0.10197916666666668 0.2791666666666667
0 0.5621354166666667 0.08115740740740741 0.11260416666666666 0.16231481481481483
