1 0.27145833333333336 0.4648148148148148 0.12854166666666667 0.11833333333333333
3 0.8087760416666666 0.06638888888888889 0.12505208333333334 0.13277777777777777
3 0.948046875 0.5313888888888889 0.10390625 0.28685185185185186
3 0.9697135416666668 0.6650925925925926 0.060572916666666664 0.12481481481481482
1 0.5749479166666667 0.12939814814814815 0.359375 0.2587962962962963
3 0.142734375 0.5792592592592593 0.28546875 0.39611111111111114
1 0.08614583333333334 0.79125 0.17229166666666668 0.1699074074074074
1 0.43127604166666667 0.5041666666666667 0.08244791666666668 0.10740740740740741
1 0.33861979166666667 0.16902777777777778 0.15328125 0.2500925925925926
1 0.6058333333333332 0.6266203703703703 0.1115625 0.23324074074074075
1 0.644921875 0.43842592592592594 0.046614583333333334 0.034444444444444444
1 0.8734114583333333 0.2764351851851852 0.06692708333333333 0.09490740740740741
3 0.9462760416666668 0.2738425925925926 0.10744791666666667 0.1000925925925926
1 0.02450520833333333 0.14652777777777778 0.04901041666666666 0.1913888888888889
1 0.048046875 0.8891666666666668 0.09609375 0.22166666666666668
