3 0.18403645833333335 0.7959722222222222 0.27026041666666667 0.3875
3 0.8992447916666666 0.1448148148148148 0.20161458333333335 0.2896296296296296
1 0.8785677083333334 0.8417129629629629 0.11317708333333334 0.31657407407407406
1 0.05036458333333334 0.22745370370370369 0.10072916666666668 0.3860185185185185
1 0.24125 0.2856944444444445 0.3059375 0.41120370370370374
3 0.47 0.335 0.06395833333333333 0.19074074074074074
3 0.6537760416666667 0.25625 0.12619791666666666 0.18546296296296297
3 0.8000260416666667 0.3773148148148148 0.22484374999999998 0.22944444444444445
3 0.58875 0.08532407407407408 0.14364583333333333 0.17064814814814816
1 0.6071093750000001 0.6387037037037037 0.19963541666666668 0.32407407407407407
1 0.3481510416666667 0.10694444444444444 0.16973958333333333 0.21388888888888888
1 0.04854166666666667 0.5586574074074074 0.09708333333333334 0.245462962962963
