3 0.5559635416666667 0.4824074074074074 0.16640625 0.3059259259259259
1 0.16885416666666667 0.6256944444444444 0.290625 0.27398148148148144
3 0.3862499999999999 0.5372222222222223 0.1794791666666667 0.4172222222222222
3 0.3505729166666667 0.7081481481481482 0.12979166666666667 0.24555555555555555
3 0.24375 0.3983333333333334 0.18166666666666667 0.26925925925925925
1 0.13934895833333333 0.42620370370370364 0.13442708333333334 0.1288888888888889
1 0.04765625 0.34763888888888894 0.0953125 0.4065740740740741
1 0.9001041666666667 0.1351388888888889 0.19979166666666667 0.2702777777777778
1 0.6770833333333334 0.39296296296296296 0.25083333333333335 0.29814814814814816
1 0.9720833333333333 0.6374537037037037 0.05583333333333333 0.1686111111111111
