1 0.8414322916666667 0.7875925925925926 0.06932291666666666 0.07037037037037037
1 0.309375 0.22125 0.12916666666666668 0.26694444444444443
1 0.8655208333333333 0.9192592592592592 0.08510416666666668 0.06
3 0.46937500000000004 0.21282407407407408 0.14270833333333333 0.11824074074074074
3 0.9184114583333333 0.5272685185185185 0.16307291666666668 0.38027777777777777
1 0.07606770833333334 0.5743518518518518 0.1521354166666667 0.597037037037037
3 0.018880208333333332 0.5535648148148148 0.037760416666666664 0.26342592592592595
3 0.6900520833333333 0.9738888888888888 0.14552083333333332 0.05222222222222222
0 0.4063541666666667 0.3183333333333333 0.1564583333333333 0.16314814814814813
0 0.11580729166666667 0.18333333333333332 0.19286458333333334 0.22555555555555554
