1 0.7580208333333333 0.5138888888888888 0.038125 0.13277777777777777
2 0.35679687499999996 0.4038425925925926 0.15526041666666668 0.20416666666666666
1 0.5797656250000001 0.4875925925925925 0.13046875 0.3605555555555555
1 0.6596354166666667 0.23212962962962963 0.09177083333333333 0.055740740740740743
0 0.6035937499999999 0.25324074074074077 0.13083333333333333 0.24425925925925926
1 0.05302083333333333 0.2700462962962963 0.10604166666666666 0.3478703703703704
1 0.12265625 0.37800925925925927 0.058020833333333334 0.14027777777777778
1 0.7819791666666667 0.11120370370370371 0.09260416666666667 0.20814814814814817
3 0.8312239583333334 0.4588425925925925 0.22130208333333332 0.20490740740740743
1 0.4088541666666667 0.8994907407407406 0.1509375 0.2010185185185185
1 0.98109375 0.20930555555555558 0.0378125 0.13287037037037036
1 0.9893750000000001 0.31523148148148145 0.021249999999999998 0.027870370370370372
1 0.8715104166666666 0.656111111111111 0.22739583333333335 0.31074074074074076
