1 0.349609375 0.9004166666666666 0.16921875 0.19916666666666666
1 0.9407291666666667 0.0812962962962963 0.11854166666666667 0.1625925925925926
1 0.8391145833333334 0.43777777777777777 0.0778125 0.10055555555555555
1 0.9426822916666667 0.3274537037037037 0.11453125 0.350462962962963
1 0.6658072916666666 0.7176851851851852 0.09380208333333333 0.16092592592592594
1 0.8934895833333333 0.8798148148148148 0.21302083333333333 0.2403703703703704
1 0.7548437499999999 0.7469444444444445 0.15760416666666668 0.17777777777777778
3 0.474375 0.8406018518518519 0.11645833333333333 0.3187962962962963
1 0.17966145833333333 0.6125925925925926 0.18151041666666667 0.21703703703703706
1 0.06388020833333334 0.2887962962962963 0.12776041666666668 0.23944444444444446
0 0.018776041666666667 0.04921296296296296 0.03755208333333333 0.09842592592592592
3 0.9771354166666667 0.10013888888888889 0.04572916666666667 0.07435185185185185
