3 0.4686197916666667 0.45898148148148155 0.10963541666666667 0.14277777777777775
3 0.036562500000000005 0.16527777777777777 0.07312500000000001 0.17962962962962964
1 0.17809895833333336 0.8609722222222222 0.23286458333333335 0.27805555555555556
3 0.16809895833333333 0.1424537037037037 0.20713541666666666 0.24157407407407405
1 0.160546875 0.5703240740740741 0.11828124999999999 0.29712962962962963
3 0.6778385416666667 0.12833333333333333 0.24026041666666667 0.25666666666666665
3 0.8993229166666666 0.06680555555555556 0.1309375 0.13361111111111112
3 0.9523958333333334 0.10453703703703704 0.09520833333333334 0.20907407407407408
1 0.7625 0.20171296296296296 0.17760416666666667 0.19305555555555556
3 0.7197395833333332 0.35208333333333336 0.04697916666666667 0.12212962962962963
1 0.5792708333333334 0.6845370370370369 0.24604166666666666 0.6309259259259259
