1 0.4799739583333334 0.3079166666666666 0.040052083333333335 0.08731481481481482
1 0.9491927083333334 0.6474537037037037 0.10161458333333333 0.14805555555555555
3 0.7834114583333334 0.5155555555555555 0.05880208333333334 0.11314814814814815
1 0.15309895833333337 0.051250000000000004 0.07046875000000001 0.10250000000000001
1 0.3358072916666667 0.03328703703703704 0.06255208333333333 0.06657407407407408
3 0.9602604166666667 0.10425925925925926 0.07947916666666667 0.07333333333333333
1 0.9546093750000001 0.8470833333333333 0.09078125000000001 0.2726851851851852
1 0.33736979166666664 0.09907407407407408 0.03734375 0.05240740740740741
1 0.5293229166666668 0.9591666666666665 0.13135416666666666 0.08166666666666667
1 0.39304687499999996 0.22800925925925927 0.11286458333333332 0.10138888888888889
1 0.020703125 0.032546296296296295 0.04140625 0.06509259259259259
3 0.37721354166666665 0.39143518518518516 0.30307291666666664 0.2949074074074074
3 0.260078125 0.09212962962962963 0.17276041666666667 0.18425925925925926
1 0.18036458333333333 0.9644444444444445 0.1309375 0.07111111111111111
1 0.030911458333333332 0.8518981481481481 0.061822916666666665 0.2573148148148148
