3 0.21875 0.06189814814814814 0.12291666666666666 0.12379629629629628
1 0.199609375 0.42351851851851857 0.10203125 0.1912962962962963
3 0.37755208333333334 0.08694444444444445 0.12375 0.1738888888888889
3 0.513046875 0.030555555555555555 0.07192708333333334 0.06111111111111111
1 0.98609375 0.7480555555555556 0.0278125 0.12
1 0.055963541666666665 0.4580092592592593 0.11192708333333333 0.35379629629629633
0 0.05541666666666667 0.6748148148148149 0.11083333333333334 0.2974074074074074
1 0.08390625 0.7992592592592592 0.1678125 0.20148148148148148
1 0.02578125 0.9069907407407407 0.0515625 0.1862037037037037
1 0.7337239583333334 0.5678703703703704 0.11911458333333333 0.3772222222222222
3 0.6308072916666667 0.16967592592592592 0.11786458333333334 0.22972222222222222
