3 0.4821354166666667 0.7513888888888889 0.4452083333333333 0.49722222222222223
1 0.42661458333333335 0.6759722222222222 0.09854166666666667 0.16064814814814815
1 0.376953125 0.8531481481481481 0.29401041666666666 0.2937037037037037
1 0.6195052083333333 0.6725462962962964 0.053281249999999995 0.050277777777777775
1 0.6378125 0.5845833333333333 0.08625 0.1600925925925926
1 0.6409895833333333 0.47199074074074077 0.06635416666666667 0.11064814814814815
3 0.8843229166666667 0.3618981481481482 0.23145833333333332 0.4236111111111111
1 0.42734375 0.11050925925925925 0.08916666666666666 0.2210185185185185
1 0.3603385416666667 0.15898148148148147 0.03786458333333333 0.09851851851851852
1 0.553984375 0.8087962962962963 0.03578125 0.0748148148148148
