3 0.6991145833333333 0.890324074074074 0.16729166666666667 0.20583333333333334
3 0.69578125 0.6566666666666666 0.0509375 0.1737037037037037
0 0.7155208333333333 0.49402777777777773 0.08770833333333333 0.14601851851851852
1 0.46828125000000004 0.5507407407407408 0.15010416666666665 0.4607407407407408
3 0.5867708333333332 0.47768518518518516 0.13708333333333333 0.2437037037037037
1 0.26471354166666666 0.08606481481481482 0.06661458333333334 0.17212962962962963
3 0.18315104166666665 0.10703703703703703 0.16130208333333332 0.21407407407407406
1 0.3490364583333333 0.9351388888888889 0.17734375 0.1297222222222222
3 0.7775520833333334 0.6393981481481481 0.21135416666666668 0.2549074074074074
1 0.22177083333333333 0.2589814814814815 0.043437500000000004 0.1112962962962963
