3 0.335 0.05592592592592593 0.05260416666666667 0.11185185185185186
1 0.6584635416666667 0.8701851851851852 0.06869791666666666 0.255
3 0.8844270833333333 0.5143055555555556 0.1303125 0.13583333333333333
1 0.6471614583333333 0.6370370370370371 0.09223958333333333 0.14444444444444443
1 0.16908854166666665 0.06606481481481481 0.17932291666666667 0.13212962962962962
1 0.5963020833333332 0.42055555555555557 0.1475 0.32314814814814813
3 0.14763020833333332 0.7279166666666668 0.29526041666666664 0.5441666666666667
1 0.278515625 0.07305555555555555 0.11765625 0.1461111111111111
1 0.246484375 0.8563425925925926 0.16213541666666667 0.2873148148148148
1 0.055572916666666666 0.1575462962962963 0.11114583333333333 0.3150925925925926
1 0.5071354166666666 0.1678703703703704 0.12583333333333332 0.32407407407407407
