1 0.25481770833333334 0.6069444444444444 0.20421875 0.4448148148148148
3 0.52140625 0.4059259259259259 0.144375 0.1137037037037037
1 0.9761197916666666 0.17560185185185187 0.047760416666666666 0.1400925925925926
1 0.966015625 0.613287037037037 0.06796875 0.32972222222222225
1 0.8857291666666668 0.9612037037037038 0.22854166666666667 0.07759259259259259
1 0.8832552083333333 0.4197222222222222 0.11494791666666666 0.23203703703703704
2 0.8412499999999999 0.2325 0.08916666666666666 0.11333333333333334
3 0.7507291666666666 0.2211574074074074 0.06229166666666666 0.30157407407407405
1 0.6553125000000001 0.3527777777777778 0.1140625 0.17888888888888888
3 0.635859375 0.5790277777777778 0.22505208333333335 0.37287037037037035
1 0.2791666666666667 0.7492129629629629 0.023854166666666666 0.07842592592592593
1 0.0240625 0.5881018518518518 0.048125 0.08083333333333333
3 0.022630208333333336 0.0648611111111111 0.04526041666666667 0.1297222222222222
3 0.9440364583333333 0.3173611111111111 0.11203125 0.47953703703703704
3 0.5098697916666667 0.5492592592592592 0.08421875 0.16537037037037036
