3 0.08385416666666666 0.2877314814814815 0.16770833333333332 0.3663888888888889
3 0.3165364583333333 0.6333796296296296 0.18307291666666667 0.46231481481481485
1 0.07710937500000001 0.07972222222222222 0.15421875000000002 0.15944444444444444
1 0.94703125 0.44189814814814815 0.1059375 0.22361111111111112
0 0.96625 0.05148148148148148 0.06749999999999999 0.10296296296296296
1 0.5023697916666666 0.6312962962962962 0.22494791666666666 0.3155555555555556
1 0.893125 0.33967592592592594 0.17760416666666667 0.2758333333333333
3 0.6357031250000001 0.4751851851851852 0.14130208333333333 0.21777777777777776
1 0.6647395833333333 0.5872222222222222 0.07729166666666668 0.07092592592592592
1 0.664921875 0.8962037037037037 0.11942708333333334 0.20759259259259258
1 0.28757812499999996 0.5312037037037037 0.05119791666666666 0.12129629629629629
