1 0.043515624999999995 0.285462962962963 0.08703124999999999 0.19037037037037036
1 0.537890625 0.8881018518518519 0.20911458333333333 0.2237962962962963
1 0.5928385416666667 0.6975925925925927 0.12859375 0.4438888888888889
3 0.33434895833333333 0.83375 0.09244791666666667 0.3325
2 0.26471354166666666 0.03958333333333333 0.07932291666666667 0.07916666666666666
1 0.37028645833333335 0.2614814814814815 0.40005208333333336 0.20833333333333334
3 0.6951041666666667 0.2025925925925926 0.09760416666666667 0.19074074074074074
1 0.62140625 0.4194907407407408 0.07645833333333334 0.13972222222222222
1 0.42596354166666667 0.43050925925925926 0.3102604166666667 0.37398148148148147
0 0.3773958333333333 0.6288425925925926 0.18447916666666667 0.27564814814814814
