1 0.5438802083333333 0.8106944444444445 0.06734375000000001 0.21175925925925926
1 0.748828125 0.5394444444444444 0.06515625 0.11074074074074074
3 0.58 0.4623611111111111 0.4040625 0.9247222222222222
3 0.5397916666666667 0.6919444444444444 0.17385416666666667 0.3957407407407407
1 0.28630208333333335 0.752361111111111 0.24083333333333332 0.49527777777777776
3 0.13580729166666666 0.737175925925926 0.14192708333333334 0.3821296296296296
1 0.7835677083333333 0.10736111111111112 0.16609374999999998 0.21472222222222223
1 0.908984375 0.05092592592592592 0.13234375 0.10185185185185185
3 0.9234114583333334 0.9210648148148148 0.15317708333333335 0.15787037037037038
3 0.046171875 0.09444444444444444 0.09234375 0.18888888888888888
