1 0.8779427083333332 0.1928703703703704 0.24411458333333333 0.3857407407407408
1 0.7767708333333334 0.9225000000000001 0.2861458333333333 0.155
1 0.577890625 0.8793518518518518 0.14734375 0.1488888888888889
2 0.4491145833333334 0.4766666666666666 0.06947916666666668 0.08981481481481482
1 0.010989583333333334 0.6943055555555556 0.021979166666666668 0.08916666666666666
1 0.018359375 0.5530092592592593 0.03671875 0.11972222222222223
1 0.007473958333333333 0.4373148148148148 0.014947916666666667 0.07796296296296297
3 0.058958333333333335 0.30092592592592593 0.11791666666666667 0.11
1 0.7801041666666666 0.6937962962962962 0.3182291666666667 0.36259259259259263
1 0.49041666666666667 0.4247222222222222 0.11416666666666667 0.2874074074074074
1 0.35432291666666665 0.33421296296296293 0.24000000000000002 0.4678703703703704
1 0.29083333333333333 0.17124999999999999 0.12729166666666666 0.19768518518518519
1 0.1946875 0.8306944444444444 0.389375 0.3386111111111111
