1 0.28515625 0.560787037037037 0.13395833333333332 0.17435185185185187
1 0.12117187499999998 0.48921296296296296 0.09942708333333333 0.20583333333333334
1 0.05364583333333333 0.4647685185185185 0.04416666666666667 0.08787037037037038
3 0.18200520833333333 0.28680555555555554 0.08182291666666666 0.0925
1 0.1809114583333333 0.34388888888888886 0.04807291666666667 0.07018518518518518
3 0.3321354166666666 0.6635185185185185 0.09052083333333334 0.23500000000000001
1 0.13080729166666666 0.3736111111111111 0.045885416666666665 0.11166666666666666
1 0.142421875 0.8800925925925925 0.08276041666666667 0.20703703703703702
3 0.25015624999999997 0.48884259259259266 0.041041666666666664 0.08231481481481483
3 0.8520312499999999 0.03300925925925926 0.0428125 0.06601851851851852
1 0.9194270833333333 0.8462500000000001 0.16125 0.3073148148148148
1 0.9590885416666667 0.5275462962962963 0.08182291666666666 0.20453703703703704
