1 0.014661458333333332 0.6499074074074074 0.029322916666666664 0.1137037037037037
1 0.054218749999999996 0.7894444444444445 0.10843749999999999 0.15018518518518517
1 0.0190625 0.38208333333333333 0.038125 0.24898148148148147
1 0.14825520833333333 0.6260185185185185 0.26609374999999996 0.2127777777777778
1 0.13104166666666667 0.3472222222222222 0.13010416666666666 0.15666666666666665
3 0.11502604166666668 0.4453240740740741 0.19276041666666668 0.3219444444444444
1 0.5774218750000001 0.8245370370370371 0.16005208333333334 0.16925925925925928
1 0.6217447916666666 0.8380092592592592 0.02744791666666667 0.04546296296296296
1 0.8153124999999999 0.22652777777777777 0.1315625 0.18083333333333335
1 0.7116927083333333 0.4783796296296296 0.21942708333333333 0.3486111111111111
1 0.019609375 0.5527777777777778 0.03921875 0.05555555555555555
1 0.48963541666666666 0.30324074074074076 0.14645833333333333 0.08592592592592592
