1 0.31640625 0.1399074074074074 0.0515625 0.1487037037037037
1 0.5710416666666666 0.48120370370370374 0.17510416666666667 0.4003703703703704
1 0.38921875 0.3025925925925926 0.029479166666666667 0.05462962962962963
1 0.13447916666666665 0.5819444444444445 0.05354166666666667 0.11314814814814815
1 0.28664062500000004 0.17162037037037037 0.05682291666666666 0.11675925925925926
1 0.260859375 0.45564814814814814 0.12328125 0.4346296296296296
1 0.24091145833333333 0.9577314814814816 0.056093750000000005 0.08453703703703704
1 0.099609375 0.48087962962962966 0.031302083333333335 0.04398148148148148
1 0.18531250000000002 0.7645833333333333 0.07322916666666666 0.14546296296296296
1 0.6696614583333333 0.8404166666666667 0.03755208333333333 0.08046296296296297
1 0.9507031250000001 0.4255555555555556 0.09859375000000001 0.25148148148148153
1 0.7830208333333334 0.36375 0.2278125 0.40324074074074073
1 0.56875 0.7346296296296296 0.06364583333333333 0.15444444444444447
1 0.503046875 0.8855092592592593 0.09494791666666667 0.07361111111111111
