1 0.4783854166666667 0.09773148148148147 0.2892708333333333 0.19546296296296295
3 0.7061979166666668 0.4968518518518519 0.23166666666666666 0.4116666666666667
0 0.5414322916666666 0.18027777777777776 0.12140625 0.15703703703703703
1 0.6274218749999999 0.7267592592592593 0.13161458333333334 0.3181481481481482
1 0.23244791666666664 0.6890740740740741 0.07958333333333334 0.1238888888888889
3 0.47846354166666666 0.48097222222222225 0.10994791666666666 0.2695370370370371
1 0.41533854166666667 0.5511111111111111 0.19432291666666668 0.29314814814814816
1 0.6708072916666666 0.8476388888888889 0.12526041666666668 0.3047222222222222
1 0.6630468749999999 0.6270833333333333 0.025572916666666667 0.03490740740740741
1 0.57078125 0.5583333333333333 0.09354166666666666 0.3098148148148148
1 0.502578125 0.40263888888888894 0.09088541666666666 0.23935185185185184
