1 0.04286458333333333 0.8168518518518519 0.08572916666666666 0.15296296296296294
1 0.30812500000000004 0.12 0.18208333333333335 0.24
1 0.31333333333333335 0.7041666666666667 0.0765625 0.2737037037037037
1 0.29466145833333335 0.09342592592592593 0.06609375 0.1451851851851852
1 0.6429166666666666 0.8535185185185185 0.18520833333333334 0.2929629629629629
1 0.45388020833333337 0.8045833333333334 0.16244791666666666 0.39083333333333337
3 0.6836718749999999 0.1501388888888889 0.1911979166666667 0.3002777777777778
1 0.8302864583333334 0.8502314814814815 0.047135416666666666 0.13212962962962962
1 0.5801302083333333 0.07504629629629629 0.13421875 0.15009259259259258
3 0.42828125 0.034212962962962966 0.18802083333333333 0.06842592592592593
1 0.11494791666666666 0.6480555555555555 0.10979166666666668 0.3611111111111111
1 0.7894791666666666 0.1913888888888889 0.08125 0.3188888888888889
1 0.8125520833333334 0.5563888888888889 0.23218750000000002 0.4116666666666667
1 0.394140625 0.09546296296296296 0.11067708333333333 0.09037037037037036
