3 0.863203125 0.08212962962962964 0.27359374999999997 0.16425925925925927
1 0.8607552083333334 0.3169444444444445 0.22890625 0.2607407407407408
3 0.5207552083333333 0.9511574074074074 0.11911458333333333 0.09768518518518518
1 0.6545052083333333 0.465787037037037 0.08755208333333334 0.11601851851851852
0 0.7911979166666667 0.8125 0.16447916666666668 0.375
1 0.7226822916666666 0.6928703703703704 0.08692708333333334 0.1348148148148148
3 0.8042708333333334 0.11634259259259258 0.1434375 0.20805555555555555
1 0.1915625 0.3255092592592593 0.24729166666666666 0.20953703703703705
1 0.0665625 0.8236111111111111 0.133125 0.3061111111111111
3 0.665859375 0.31222222222222223 0.15578125 0.2659259259259259
3 0.5922916666666667 0.20787037037037037 0.0390625 0.11870370370370369
