1 0.05481770833333333 0.3905555555555555 0.10963541666666667 0.27574074074074073
3 0.18893229166666667 0.45064814814814813 0.05817708333333334 0.13574074074074075
1 0.78328125 0.6590277777777778 0.11114583333333333 0.20249999999999999
1 0.32114583333333335 0.4818981481481482 0.08666666666666667 0.13842592592592592
1 0.44536458333333334 0.8843981481481481 0.07302083333333333 0.1912037037037037
1 0.672421875 0.7941666666666667 0.07796874999999999 0.19648148148148148
1 0.7449739583333332 0.5064814814814815 0.20973958333333334 0.48777777777777775
1 0.7731250000000001 0.3434259259259259 0.07 0.11851851851851852
1 0.1159375 0.39087962962962963 0.09572916666666667 0.04805555555555555
1 0.2580208333333333 0.3712037037037037 0.10385416666666666 0.2525925925925926
1 0.8909114583333333 0.22930555555555557 0.21817708333333333 0.45861111111111114
