1 0.41234375 0.09773148148148147 0.2875 0.19546296296296295
3 0.6284635416666667 0.49083333333333334 0.23588541666666665 0.4122222222222222
0 0.47458333333333336 0.17421296296296293 0.12197916666666667 0.1636111111111111
1 0.54453125 0.7267592592592593 0.1375 0.3181481481481482
1 0.15026041666666667 0.68625 0.0828125 0.12546296296296297
3 0.39572916666666663 0.48097222222222225 0.11666666666666667 0.26861111111111113
1 0.3341145833333333 0.549537037037037 0.19447916666666665 0.2937037037037037
1 0.5941145833333332 0.8460185185185186 0.1178125 0.307962962962963
1 0.5791666666666667 0.6142129629629629 0.03197916666666666 0.039907407407407405
1 0.4889322916666667 0.559675925925926 0.08682291666666667 0.31953703703703706
1 0.428125 0.3996296296296296 0.08270833333333334 0.24018518518518517
