3 0.13283854166666667 0.5850462962962963 0.26567708333333334 0.6630555555555556
2 0.8874739583333333 0.36717592592592596 0.09192708333333334 0.2063888888888889
3 0.7670572916666667 0.1649074074074074 0.25609375 0.3298148148148148
1 0.239609375 0.5173148148148149 0.09953125 0.4957407407407407
1 0.15958333333333333 0.16666666666666666 0.22229166666666667 0.2451851851851852
3 0.14682291666666666 0.7158796296296296 0.08458333333333333 0.16305555555555554
1 0.19932291666666666 0.892824074074074 0.20427083333333332 0.21435185185185185
1 0.06200520833333333 0.2856018518518519 0.12401041666666666 0.3362037037037037
1 0.9508854166666666 0.37601851851851853 0.09385416666666666 0.2409259259259259
2 0.9666145833333333 0.23416666666666666 0.06677083333333332 0.19833333333333333
