3 0.9264583333333333 0.1126851851851852 0.14708333333333332 0.2253703703703704
1 0.2471614583333333 0.9062962962962963 0.14598958333333334 0.17962962962962964
1 0.36109375000000005 0.38634259259259257 0.06364583333333333 0.15712962962962962
1 0.361640625 0.32384259259259257 0.24651041666666668 0.22805555555555557
1 0.5634114583333333 0.8213888888888888 0.10557291666666666 0.22185185185185186
1 0.6163541666666668 0.5150925925925927 0.09395833333333334 0.17351851851851852
1 0.8450260416666667 0.07967592592592593 0.12973958333333332 0.15935185185185186
1 0.9499739583333332 0.21300925925925926 0.04463541666666667 0.0412037037037037
1 0.928359375 0.48629629629629634 0.13234375 0.185
1 0.9259895833333334 0.9732407407407409 0.10302083333333334 0.053518518518518514
1 0.7615364583333334 0.8394444444444444 0.15203124999999998 0.3211111111111111
1 0.654765625 0.9505555555555557 0.038697916666666665 0.09888888888888889
1 0.6078906249999999 0.10458333333333333 0.2566145833333333 0.20916666666666667
