3 0.2309375 0.07462962962962963 0.16166666666666665 0.14925925925925926
3 0.214375 0.6899537037037038 0.15364583333333334 0.40564814814814815
1 0.5048958333333334 0.6128703703703704 0.05645833333333334 0.12037037037037036
1 0.5340625 0.8156944444444445 0.03166666666666666 0.04805555555555555
1 0.7677083333333333 0.49324074074074076 0.19260416666666666 0.5120370370370371
1 0.3510677083333334 0.4599074074074074 0.11869791666666667 0.21481481481481482
1 0.3213802083333333 0.8040277777777778 0.21015625 0.39194444444444443
1 0.18265625 0.9158333333333334 0.034375 0.1340740740740741
1 0.37632812499999996 0.1087037037037037 0.25536458333333334 0.2174074074074074
0 0.6450520833333333 0.08328703703703703 0.16697916666666668 0.16657407407407407
