1 0.14200520833333333 0.2827314814814815 0.06484375 0.0937962962962963
1 0.40963541666666664 0.7494444444444445 0.1515625 0.3390740740740741
1 0.36947916666666664 0.266712962962963 0.101875 0.18435185185185185
1 0.3974479166666667 0.5163425925925925 0.07541666666666667 0.10083333333333334
3 0.4604947916666667 0.6000925925925925 0.07296875 0.08851851851851851
3 0.898125 0.14097222222222222 0.20375 0.28194444444444444
1 0.9455989583333333 0.4144444444444444 0.10880208333333334 0.13925925925925928
3 0.9183072916666666 0.6804166666666667 0.16338541666666667 0.3206481481481482
1 0.5664322916666666 0.5765740740740741 0.23734375 0.2275925925925926
3 0.6279166666666666 0.3863888888888889 0.24229166666666666 0.2675925925925926
1 0.41390625000000003 0.959537037037037 0.09541666666666666 0.08092592592592593
1 0.10505208333333332 0.6504629629629629 0.21010416666666665 0.5642592592592592
3 0.2500260416666667 0.5888888888888889 0.21661458333333333 0.8222222222222222
