1 0.6018229166666667 0.6706481481481481 0.176875 0.6035185185185185
1 0.8713281249999999 0.5424074074074073 0.04671875 0.07407407407407407
1 0.06005208333333333 0.4861111111111111 0.12010416666666666 0.16833333333333333
1 0.19468749999999999 0.07111111111111111 0.08083333333333333 0.14222222222222222
1 0.18645833333333334 0.21000000000000002 0.20416666666666666 0.2162962962962963
3 0.21317708333333335 0.9255092592592592 0.10364583333333334 0.12824074074074074
1 0.4024739583333333 0.8091666666666667 0.029322916666666664 0.11407407407407408
1 0.4815364583333333 0.8914814814814814 0.14244791666666667 0.2101851851851852
3 0.4688541666666667 0.665 0.145625 0.11425925925925927
1 0.41031249999999997 0.47375 0.22729166666666664 0.41898148148148145
1 0.32351562500000003 0.5754166666666667 0.06140625 0.14712962962962964
1 0.9615625 0.579537037037037 0.076875 0.17092592592592593
1 0.9565885416666666 0.9025925925925926 0.08682291666666667 0.19481481481481483
3 0.01796875 0.9322685185185186 0.0359375 0.13398148148148148
1 0.11364583333333332 0.14444444444444443 0.11072916666666667 0.16314814814814813
1 0.029739583333333333 0.3506944444444444 0.059479166666666666 0.10250000000000001
