1 0.6448958333333333 0.44819444444444445 0.0715625 0.13324074074074074
3 0.9415885416666667 0.16231481481481483 0.11682291666666668 0.32462962962962966
1 0.47630208333333335 0.39699074074074076 0.17458333333333334 0.19842592592592595
3 0.5351041666666667 0.21324074074074076 0.31114583333333334 0.4264814814814815
1 0.6792187500000001 0.24328703703703702 0.11114583333333333 0.19842592592592595
1 0.951328125 0.67875 0.09734375 0.2362037037037037
1 0.9341666666666667 0.4903703703703704 0.13166666666666668 0.37092592592592594
0 0.06489583333333333 0.7875 0.12979166666666667 0.31685185185185183
3 0.3798958333333333 0.6310185185185185 0.12125000000000001 0.387037037037037
3 0.20911458333333333 0.059722222222222225 0.305625 0.11944444444444445
1 0.3433072916666667 0.9122685185185185 0.19244791666666666 0.17546296296296296
1 0.13763020833333334 0.3124074074074074 0.2752604166666667 0.34944444444444445
3 0.7929427083333334 0.3610648148148148 0.22723958333333333 0.7221296296296296
