3 0.7989843750000001 0.34736111111111106 0.06317708333333333 0.1212037037037037
1 0.86078125 0.5817129629629629 0.20552083333333335 0.19398148148148148
1 0.4546614583333334 0.25666666666666665 0.22755208333333332 0.20055555555555554
3 0.9423697916666668 0.38342592592592595 0.11526041666666667 0.4116666666666667
1 0.8356770833333333 0.4101388888888889 0.098125 0.22268518518518518
1 0.263515625 0.6087037037037036 0.12578125 0.2101851851851852
1 0.49125 0.6643981481481482 0.16520833333333332 0.1913888888888889
1 0.6270052083333333 0.4275462962962963 0.3119270833333333 0.6676851851851852
1 0.7966927083333334 0.7963425925925927 0.12828125 0.21083333333333332
1 0.10304687500000001 0.8947222222222223 0.12932291666666668 0.21055555555555555
1 0.5563020833333333 0.5633333333333334 0.12291666666666666 0.31037037037037035
