1 0.5078645833333334 0.2596759259259259 0.03875 0.060648148148148145
1 0.6564583333333334 0.3648148148148148 0.07239583333333334 0.05388888888888889
1 0.5926822916666666 0.33685185185185185 0.028072916666666666 0.02185185185185185
1 0.6702864583333333 0.7000462962962962 0.13484374999999998 0.2649074074074074
1 0.23783854166666665 0.524074074074074 0.15869791666666666 0.19648148148148148
1 0.6418750000000001 0.26578703703703704 0.12177083333333334 0.19064814814814815
1 0.7841406249999999 0.744537037037037 0.18994791666666666 0.37537037037037035
1 0.9767447916666667 0.9262037037037038 0.046510416666666665 0.1475925925925926
1 0.017291666666666667 0.8384259259259259 0.034583333333333334 0.12425925925925925
1 0.275625 0.4414814814814815 0.16187500000000002 0.13296296296296295
1 0.08825520833333332 0.7147685185185184 0.17651041666666664 0.19083333333333333
3 0.17213541666666668 0.8427314814814815 0.1 0.1713888888888889
3 0.23385416666666667 0.5894444444444444 0.13135416666666666 0.1137037037037037
1 0.2241145833333333 0.751712962962963 0.17354166666666665 0.28564814814814815
