1 0.732265625 0.5706481481481481 0.018489583333333334 0.11092592592592593
3 0.7566927083333334 0.6015740740740741 0.12880208333333334 0.32999999999999996
1 0.39028645833333336 0.7063888888888888 0.15651041666666668 0.23259259259259257
3 0.34447916666666667 0.8458333333333333 0.25427083333333333 0.2753703703703704
1 0.12924479166666666 0.865462962962963 0.07942708333333333 0.1325925925925926
3 0.05065104166666667 0.27999999999999997 0.10130208333333333 0.44981481481481483
3 0.849375 0.7263888888888889 0.09760416666666667 0.21555555555555556
3 0.30747395833333335 0.13837962962962963 0.12453125 0.16898148148148148
1 0.138125 0.1337962962962963 0.27625 0.2675925925925926
1 0.480390625 0.8476388888888888 0.06817708333333333 0.10027777777777777
1 0.4820572916666667 0.48620370370370375 0.03578125 0.06296296296296296
1 0.6982031249999999 0.7680092592592592 0.047135416666666666 0.17064814814814816
1 0.868046875 0.5636111111111111 0.1603645833333333 0.1627777777777778
