3 0.18252604166666667 0.2992592592592592 0.36505208333333333 0.5985185185185184
3 0.5716666666666667 0.053518518518518514 0.16416666666666666 0.10703703703703703
0 0.8821614583333334 0.2806944444444444 0.20796875 0.24916666666666668
1 0.9384374999999999 0.23412037037037037 0.123125 0.29416666666666663
1 0.7109895833333333 0.16356481481481483 0.09385416666666666 0.1736111111111111
3 0.6727604166666666 0.648287037037037 0.07479166666666666 0.07361111111111111
3 0.7401822916666666 0.8214351851851852 0.044843749999999995 0.3189814814814815
1 0.5234375 0.7505555555555555 0.15406250000000002 0.27314814814814814
3 0.6853645833333334 0.8201851851851851 0.134375 0.35962962962962963
3 0.5741927083333334 0.5261574074074075 0.15734375 0.37824074074074077
1 0.249296875 0.7901851851851852 0.26671875 0.41962962962962963
1 0.1253125 0.5094907407407407 0.2121875 0.3143518518518518
1 0.35007812499999996 0.7112499999999999 0.24401041666666667 0.2891666666666667
