1 0.43963541666666667 0.9553703703703703 0.0603125 0.08925925925925926
3 0.26968749999999997 0.32287037037037036 0.18479166666666666 0.412962962962963
1 0.23401041666666667 0.7918981481481482 0.06145833333333333 0.1212037037037037
3 0.5453125 0.6281944444444445 0.07958333333333334 0.2439814814814815
1 0.495234375 0.717037037037037 0.10859375 0.10740740740740741
1 0.5575781249999999 0.6870833333333334 0.026822916666666665 0.031203703703703706
1 0.5461197916666667 0.3451388888888889 0.21661458333333333 0.22916666666666666
1 0.8690625 0.07555555555555556 0.21520833333333333 0.1511111111111111
1 0.981640625 0.7393981481481482 0.03671875 0.15175925925925926
3 0.96265625 0.8759259259259259 0.0746875 0.2253703703703704
1 0.3194270833333333 0.4051388888888889 0.1225 0.2582407407407407
1 0.12195312500000001 0.5099537037037037 0.22682291666666668 0.3008333333333333
