3 0.8739843750000001 0.8692129629629629 0.08505208333333333 0.09731481481481481
3 0.9038802083333333 0.7893981481481481 0.13942708333333334 0.1687962962962963
3 0.8914583333333334 0.4348611111111111 0.20645833333333333 0.24953703703703703
1 0.4620572916666667 0.3305092592592592 0.21619791666666668 0.6125
1 0.35687499999999994 0.5852314814814814 0.12072916666666668 0.0799074074074074
1 0.3330989583333333 0.8969444444444444 0.07151041666666667 0.2061111111111111
3 0.45221354166666666 0.9428240740740741 0.11213541666666667 0.11453703703703703
3 0.29049479166666664 0.350462962962963 0.33828125 0.5655555555555555
1 0.09309895833333333 0.8268055555555555 0.10901041666666668 0.3187962962962963
1 0.6022656249999999 0.43226851851851855 0.12994791666666666 0.3439814814814815
