1 0.5346614583333333 0.36666666666666664 0.20036458333333332 0.2575925925925926
1 0.5256770833333333 0.21407407407407406 0.0628125 0.11074074074074074
1 0.5962760416666666 0.2835648148148148 0.10161458333333333 0.27990740740740744
1 0.7048697916666667 0.2636574074074074 0.16317708333333333 0.22990740740740742
1 0.144140625 0.8055555555555556 0.16098958333333335 0.3351851851851852
1 0.25372395833333333 0.7545833333333334 0.20484375000000002 0.2662037037037037
3 0.8559114583333333 0.2650462962962963 0.2880729166666667 0.5300925925925926
1 0.5880729166666666 0.6105092592592591 0.10416666666666667 0.1787962962962963
2 0.9211979166666667 0.1438888888888889 0.08125 0.0762962962962963
1 0.593515625 0.48597222222222225 0.16140625 0.16694444444444445
