1 0.5395833333333333 0.4994444444444444 0.11020833333333332 0.1303703703703704
0 0.6782552083333333 0.8015740740740741 0.19401041666666666 0.3968518518518519
1 0.6166927083333333 0.9478703703703703 0.07026041666666667 0.10425925925925926
1 0.80453125 0.9039814814814815 0.19479166666666667 0.19203703703703703
1 0.04473958333333334 0.7783796296296296 0.08947916666666668 0.4432407407407407
1 0.09981770833333334 0.5037499999999999 0.13171875 0.14601851851851852
3 0.05588541666666667 0.31060185185185185 0.11177083333333333 0.46175925925925926
1 0.24622395833333333 0.590462962962963 0.17359375000000002 0.3214814814814815
3 0.11924479166666666 0.6542129629629629 0.14776041666666667 0.31953703703703706
1 0.9505729166666668 0.609537037037037 0.09885416666666667 0.22037037037037038
3 0.40539062499999995 0.3948611111111111 0.15828124999999998 0.24620370370370367
