1 0.18713541666666664 0.7303240740740741 0.0709375 0.1087962962962963
1 0.572578125 0.5852777777777778 0.06244791666666667 0.13777777777777778
1 0.08645833333333333 0.17634259259259258 0.17291666666666666 0.3449074074074074
1 0.7771354166666667 0.7901851851851853 0.16239583333333335 0.2737037037037037
1 0.918203125 0.7451388888888889 0.16359375 0.2610185185185185
1 0.9704166666666667 0.07643518518518519 0.059166666666666666 0.15287037037037038
1 0.18195312500000002 0.8729629629629629 0.13119791666666666 0.25407407407407406
1 0.6186979166666667 0.39972222222222226 0.17333333333333334 0.34240740740740744
3 0.705546875 0.3218518518518519 0.25463541666666667 0.44555555555555554
0 0.68875 0.4831481481481481 0.14802083333333332 0.2559259259259259
3 0.11486979166666668 0.28500000000000003 0.17828125 0.21888888888888888
1 0.4658333333333333 0.36625 0.16416666666666666 0.31972222222222224
1 0.800234375 0.6362037037037037 0.39953125 0.7277777777777777
1 0.430390625 0.09921296296296296 0.06348958333333334 0.12657407407407406
