3 0.551328125 0.4260185185185185 0.09848958333333332 0.26870370370370367
1 0.7774739583333333 0.21819444444444444 0.18848958333333332 0.285462962962963
1 0.423125 0.40694444444444444 0.11072916666666667 0.17666666666666667
1 0.5076822916666667 0.9596296296296295 0.10776041666666666 0.08074074074074074
1 0.12763020833333333 0.8775925925925927 0.05578125 0.10851851851851853
1 0.260625 0.862037037037037 0.11666666666666667 0.13203703703703704
1 0.547265625 0.5600925925925926 0.11192708333333333 0.1461111111111111
3 0.5471093749999999 0.6091666666666666 0.01963541666666667 0.05185185185185185
3 0.8905729166666666 0.26245370370370374 0.21885416666666666 0.1512037037037037
1 0.913515625 0.4506018518518518 0.17296875 0.4482407407407408
