3 0.02216145833333333 0.9332407407407407 0.04432291666666666 0.10148148148148148
1 0.8660677083333332 0.544212962962963 0.12901041666666666 0.3358333333333333
1 0.7659114583333333 0.41740740740740734 0.08432291666666666 0.1775925925925926
1 0.9536458333333333 0.8014814814814815 0.09270833333333334 0.20833333333333334
1 0.9619791666666667 0.5905092592592592 0.07604166666666666 0.19064814814814815
1 0.900390625 0.5004166666666666 0.05546875 0.07324074074074073
3 0.9266145833333334 0.4281944444444445 0.14677083333333335 0.24324074074074073
1 0.29440104166666664 0.4983796296296296 0.018593750000000003 0.06046296296296296
1 0.3365104166666667 0.5878703703703704 0.12875 0.12851851851851853
1 0.25997395833333337 0.6441203703703704 0.06463541666666667 0.09787037037037037
1 0.224609375 0.9224074074074073 0.25088541666666664 0.15518518518518518
1 0.11247395833333333 0.5903703703703704 0.22494791666666666 0.4122222222222222
1 0.427734375 0.7035648148148148 0.08755208333333334 0.1549074074074074
1 0.8265364583333332 0.8023611111111111 0.06807291666666666 0.19490740740740742
1 0.43658854166666666 0.5969907407407408 0.07578125 0.13324074074074074
1 0.6195833333333333 0.8275925925925925 0.03958333333333333 0.05611111111111111
1 0.6214583333333333 0.7557407407407408 0.022291666666666664 0.0575925925925926
