3 0.07721354166666666 0.29273148148148154 0.07276041666666666 0.10990740740740741
1 0.8780208333333335 0.587824074074074 0.143125 0.24620370370370367
3 0.093671875 0.09962962962962962 0.17932291666666667 0.19925925925925925
3 0.88109375 0.6669444444444446 0.06020833333333333 0.10666666666666667
3 0.8346354166666666 0.8557407407407408 0.13697916666666668 0.28851851851851856
1 0.5927604166666666 0.9505092592592592 0.09802083333333332 0.09898148148148149
3 0.9491145833333333 0.7951851851851851 0.101875 0.1625925925925926
1 0.2699739583333333 0.6111111111111112 0.11494791666666666 0.2522222222222222
1 0.9783333333333333 0.7063425925925926 0.043333333333333335 0.18398148148148147
0 0.22609375 0.7755555555555556 0.2146875 0.4166666666666667
1 0.12330729166666667 0.34935185185185186 0.19223958333333335 0.3794444444444445
