1 0.2889583333333333 0.7150925925925925 0.068125 0.13592592592592595
1 0.3962760416666667 0.6138425925925927 0.19661458333333334 0.4362037037037037
1 0.312109375 0.2760648148148148 0.24598958333333334 0.40805555555555556
3 0.4836458333333333 0.575462962962963 0.18041666666666664 0.3755555555555556
3 0.8135416666666667 0.47175925925925927 0.3729166666666667 0.4325925925925926
1 0.9521875000000001 0.6743055555555556 0.095625 0.23194444444444445
3 0.3946875 0.29787037037037034 0.19749999999999998 0.23166666666666666
1 0.23096354166666666 0.5695833333333333 0.16307291666666668 0.20046296296296295
1 0.08291666666666668 0.1911574074074074 0.15822916666666667 0.31787037037037036
3 0.9421354166666666 0.8294907407407408 0.11572916666666666 0.1549074074074074
1 0.41263020833333336 0.4230555555555556 0.06869791666666666 0.10666666666666667
