0 0.741953125 0.26134259259259257 0.15005208333333334 0.28824074074074074
1 0.6769791666666667 0.784537037037037 0.11260416666666666 0.33055555555555555
1 0.6101302083333333 0.9619444444444445 0.03328125 0.04037037037037037
1 0.7641927083333333 0.5243981481481482 0.16796875 0.24916666666666668
1 0.824296875 0.5015277777777778 0.07932291666666667 0.17083333333333334
1 0.5382031250000001 0.9432870370370371 0.06265625 0.11324074074074074
1 0.22505208333333332 0.7591666666666667 0.043125 0.046296296296296294
1 0.54765625 0.6887037037037038 0.0959375 0.06703703703703705
1 0.3699479166666667 0.9725462962962964 0.06520833333333334 0.054907407407407405
1 0.28463541666666664 0.6969444444444445 0.025833333333333333 0.037222222222222226
1 0.3415885416666667 0.6568981481481481 0.05651041666666667 0.06972222222222221
1 0.18044270833333334 0.6548611111111111 0.05151041666666667 0.16064814814814815
