1 0.737421875 0.10976851851851852 0.27953125 0.21953703703703703
3 0.943203125 0.5188425925925926 0.11359375 0.38842592592592595
0 0.7991145833333333 0.20185185185185187 0.10572916666666667 0.16
1 0.9383854166666666 0.7387499999999999 0.12322916666666667 0.2991666666666667
1 0.5555989583333333 0.7037037037037037 0.07692708333333333 0.1275925925925926
3 0.783203125 0.49319444444444444 0.10578125 0.24564814814814817
1 0.7247395833333333 0.5553703703703703 0.18385416666666668 0.27037037037037037
1 0.966796875 0.8536574074074075 0.06640625 0.2926851851851852
1 0.9734895833333334 0.6381944444444444 0.02333333333333333 0.026759259259259257
1 0.8824739583333334 0.5724074074074075 0.11057291666666667 0.2951851851851852
1 0.7859895833333334 0.41740740740740734 0.11135416666666667 0.22703703703703704
1 0.7569531250000001 0.44083333333333335 0.060572916666666664 0.09907407407407408
1 0.16229166666666667 0.9640277777777777 0.0428125 0.07194444444444445
