3 0.6147135416666667 0.9349074074074073 0.07057291666666667 0.13018518518518518
1 0.5793750000000001 0.42907407407407405 0.234375 0.2909259259259259
1 0.8411979166666667 0.18287037037037038 0.19749999999999998 0.36574074074074076
1 0.34450520833333337 0.41004629629629624 0.09296875 0.10027777777777777
1 0.36843750000000003 0.5280092592592592 0.016354166666666666 0.06601851851851852
1 0.3704947916666666 0.45374999999999993 0.09536458333333334 0.11601851851851852
3 0.8372916666666668 0.7981481481481482 0.20697916666666666 0.3051851851851852
1 0.73359375 0.07652777777777776 0.06114583333333334 0.1275
2 0.8165625 0.14597222222222223 0.17156249999999998 0.29194444444444445
1 0.17674479166666668 0.5126388888888889 0.24161458333333333 0.3173148148148148
3 0.22557291666666668 0.4560648148148148 0.07239583333333334 0.08157407407407406
3 0.31947916666666665 0.5062037037037037 0.05979166666666667 0.12944444444444445
