1 0.6172916666666667 0.3865277777777778 0.203125 0.39916666666666667
1 0.7223958333333333 0.8863425925925926 0.08614583333333334 0.12787037037037036
3 0.5786197916666667 0.06657407407407408 0.14015625 0.13314814814814815
1 0.37828125 0.18129629629629632 0.06947916666666668 0.13018518518518518
1 0.4388020833333333 0.20583333333333334 0.1071875 0.06999999999999999
1 0.16372395833333334 0.043194444444444445 0.05682291666666666 0.08638888888888889
1 0.6433854166666666 0.8233796296296296 0.16479166666666664 0.2247222222222222
1 0.8311197916666667 0.9570370370370371 0.08755208333333334 0.08592592592592592
3 0.7881770833333335 0.7156944444444445 0.23791666666666667 0.5686111111111112
2 0.5271354166666666 0.5678240740740741 0.08770833333333333 0.22453703703703703
0 0.3327083333333334 0.7062962962962963 0.063125 0.18555555555555556
1 0.39625000000000005 0.7422222222222222 0.0934375 0.16314814814814813
