1 0.8692447916666667 0.6108333333333332 0.038802083333333334 0.11629629629629629
1 0.7745572916666666 0.508611111111111 0.16286458333333334 0.09129629629629629
3 0.6378125 0.33541666666666664 0.3563541666666667 0.4439814814814815
3 0.44109375 0.40782407407407406 0.25677083333333334 0.6032407407407407
1 0.39283854166666665 0.5263425925925926 0.16223958333333333 0.26416666666666666
1 0.45203125 0.7897685185185186 0.17177083333333334 0.22212962962962962
1 0.06020833333333333 0.3821759259259259 0.12041666666666666 0.533425925925926
1 0.8648177083333334 0.12074074074074072 0.06869791666666666 0.13074074074074074
3 0.9859895833333334 0.8697222222222222 0.02802083333333333 0.18962962962962965
1 0.8525520833333334 0.2511574074074074 0.18739583333333334 0.2075
1 0.7965364583333333 0.195 0.10473958333333333 0.14907407407407408
1 0.24250000000000002 0.40425925925925926 0.1146875 0.17148148148148148
3 0.918671875 0.6442592592592592 0.10307291666666667 0.10148148148148148
