3 0.11703124999999999 0.5365740740740741 0.23406249999999998 0.2840740740740741
1 0.5262760416666666 0.6741203703703704 0.32203125 0.30527777777777776
1 0.37822916666666667 0.7816666666666667 0.17677083333333332 0.32092592592592595
1 0.8977083333333333 0.6536574074074073 0.20447916666666668 0.17046296296296296
1 0.2775 0.7248611111111111 0.03354166666666667 0.048240740740740744
1 0.695234375 0.8067129629629629 0.07348958333333333 0.1549074074074074
1 0.8958072916666667 0.3773148148148148 0.11203125 0.16944444444444445
1 0.844921875 0.7309722222222221 0.31015625 0.23083333333333333
0 0.5342447916666667 0.45013888888888887 0.15598958333333332 0.43657407407407406
3 0.3753385416666667 0.16300925925925927 0.4102604166666667 0.32601851851851854
1 0.19312499999999996 0.8118055555555556 0.2528125 0.3763888888888889
1 0.29104166666666664 0.47092592592592597 0.12125000000000001 0.2575925925925926
3 0.9275 0.4836574074074074 0.14510416666666667 0.3200925925925926
1 0.6954166666666667 0.39800925925925923 0.16822916666666668 0.3008333333333333
