1 0.142109375 0.6536111111111111 0.28421875 0.29314814814814816
1 0.9369270833333333 0.14087962962962963 0.12614583333333332 0.19175925925925924
1 0.35158854166666664 0.3546759259259259 0.06421875 0.0975
1 0.6081770833333333 0.35638888888888887 0.2622916666666667 0.5116666666666667
1 0.04203125 0.1261574074074074 0.0840625 0.25046296296296294
3 0.5615885416666667 0.24175925925925928 0.19651041666666666 0.3411111111111111
1 0.19924479166666667 0.7297685185185185 0.22369791666666666 0.29398148148148145
1 0.29421875 0.7975462962962964 0.0484375 0.06731481481481481
1 0.38218749999999996 0.8899537037037036 0.10354166666666667 0.19305555555555556
1 0.9575520833333333 0.7024537037037036 0.08489583333333334 0.22342592592592594
