1 0.049921875 0.4928240740740741 0.09984375 0.18935185185185185
3 0.4087760416666667 0.39962962962962967 0.11921875 0.20388888888888887
1 0.32252604166666665 0.6236111111111111 0.14901041666666667 0.1811111111111111
1 0.5325 0.7178703703703704 0.30625 0.5642592592592592
1 0.08151041666666667 0.7768518518518519 0.16302083333333334 0.2562962962962963
1 0.6220052083333333 0.38675925925925925 0.36484375 0.33611111111111114
1 0.8975260416666667 0.4083333333333333 0.09807291666666668 0.14148148148148149
1 0.8073697916666667 0.27462962962962967 0.24421874999999998 0.21074074074074073
3 0.8114843749999999 0.725324074074074 0.37703125 0.5493518518518518
3 0.7592187499999999 0.08277777777777778 0.16208333333333333 0.16555555555555557
3 0.03830729166666667 0.14907407407407408 0.07661458333333333 0.26944444444444443
