1 0.6100520833333333 0.10277777777777777 0.28072916666666664 0.20555555555555555
3 0.8589062500000001 0.5091203703703704 0.2345833333333333 0.39675925925925926
0 0.673359375 0.19282407407407406 0.11307291666666666 0.15361111111111111
1 0.7850520833333333 0.7363888888888889 0.12197916666666667 0.3096296296296296
1 0.3925260416666667 0.6902314814814815 0.08171875 0.11157407407407408
3 0.6343229166666667 0.48814814814814816 0.10041666666666667 0.26240740740740737
1 0.5698958333333334 0.5534722222222223 0.18802083333333333 0.2823148148148148
1 0.8305729166666665 0.8492592592592593 0.11416666666666667 0.3012962962962963
1 0.8235677083333334 0.6351388888888889 0.02432291666666667 0.031203703703703706
1 0.7232291666666667 0.5616666666666666 0.08875000000000001 0.29703703703703704
1 0.6478385416666667 0.40949074074074077 0.09744791666666666 0.22805555555555557
1 0.6023177083333333 0.4119907407407407 0.01953125 0.039907407407407405
1 0.009140625000000001 0.9646296296296296 0.018281250000000002 0.07074074074074074
