1 0.5234895833333334 0.8037962962962963 0.06770833333333333 0.1112962962962963
1 0.9532291666666667 0.8209722222222223 0.0934375 0.24064814814814814
1 0.26848958333333334 0.8365277777777779 0.057604166666666665 0.08935185185185185
0 0.8809635416666667 0.3488425925925926 0.06630208333333333 0.21287037037037038
1 0.6355989583333332 0.6885648148148148 0.13963541666666668 0.18768518518518518
1 0.7436197916666667 0.7064814814814815 0.13505208333333335 0.11351851851851852
1 0.5409375000000001 0.9199537037037038 0.16083333333333333 0.1600925925925926
1 0.6862499999999999 0.9006944444444445 0.1140625 0.1376851851851852
1 0.9027864583333334 0.1514351851851852 0.19442708333333333 0.3028703703703704
2 0.2672916666666667 0.43796296296296294 0.07437500000000001 0.05925925925925926
0 0.1564583333333333 0.1909722222222222 0.09145833333333334 0.2847222222222222
