1 0.8559635416666667 0.32842592592592595 0.16140625 0.17296296296296299
1 0.18684895833333334 0.8674074074074074 0.2593229166666667 0.2651851851851852
1 0.35479166666666667 0.9039351851851852 0.26218749999999996 0.19212962962962962
1 0.17447916666666666 0.07912037037037037 0.22375 0.15824074074074074
1 0.12039062499999999 0.6094907407407407 0.13994791666666667 0.20472222222222222
1 0.1275 0.15467592592592594 0.255 0.3093518518518519
1 0.5732031249999999 0.39490740740740743 0.13890624999999998 0.14814814814814814
1 0.9150520833333332 0.6470370370370371 0.16989583333333333 0.23259259259259257
1 0.527265625 0.7942592592592592 0.38015625 0.41148148148148145
1 0.6352083333333333 0.5611574074074074 0.18000000000000002 0.25972222222222224
1 0.14002604166666668 0.32254629629629633 0.21005208333333333 0.2375
