1 0.5440885416666668 0.09976851851851852 0.28328125 0.19953703703703704
3 0.7820572916666666 0.5029166666666667 0.23078125000000002 0.40120370370370373
0 0.6076302083333334 0.18675925925925924 0.12567708333333333 0.15333333333333332
1 0.7081770833333334 0.7308333333333333 0.12791666666666665 0.3137037037037037
1 0.31265625 0.6900000000000001 0.0803125 0.11703703703703704
3 0.5542708333333334 0.47990740740740734 0.11104166666666666 0.2616666666666667
1 0.49192708333333335 0.5503703703703705 0.19041666666666668 0.28481481481481485
1 0.74765625 0.84875 0.11510416666666666 0.3025
1 0.7459375 0.6330092592592592 0.029375 0.03675925925925926
1 0.6524479166666666 0.5574999999999999 0.09854166666666667 0.3012962962962963
1 0.5749479166666667 0.4022685185185185 0.09468750000000001 0.23287037037037037
