1 0.34549479166666663 0.09462962962962963 0.28453124999999996 0.18925925925925927
3 0.5504687500000001 0.4866666666666667 0.2390625 0.41629629629629633
0 0.4085677083333333 0.1736111111111111 0.12411458333333333 0.16814814814814813
1 0.46111979166666667 0.7231481481481481 0.13734375 0.3155555555555556
1 0.06744791666666666 0.6833796296296296 0.08729166666666667 0.12712962962962965
3 0.3182552083333334 0.48217592592592595 0.11244791666666668 0.2715740740740741
1 0.25638020833333336 0.5401388888888888 0.18984375 0.28046296296296297
1 0.5055468750000001 0.8454166666666666 0.13546875 0.30916666666666665
1 0.49645833333333333 0.620925925925926 0.031875 0.04240740740740741
1 0.40911458333333334 0.5690277777777777 0.08229166666666667 0.34675925925925927
1 0.35291666666666666 0.39666666666666667 0.0775 0.2451851851851852
