3 0.23367187500000003 0.37342592592592594 0.09953125 0.2262962962962963
1 0.8121614583333333 0.7031018518518519 0.09307291666666666 0.10046296296296296
1 0.5097395833333334 0.8759722222222222 0.15791666666666665 0.24805555555555553
2 0.3360677083333333 0.5191666666666667 0.07380208333333332 0.08814814814814816
3 0.8910416666666666 0.6833333333333333 0.0553125 0.1061111111111111
1 0.4109375 0.8114351851851852 0.1140625 0.2312037037037037
3 0.6007291666666668 0.9679629629629628 0.042708333333333334 0.06407407407407407
1 0.26414062499999996 0.6952314814814815 0.25307291666666665 0.49694444444444447
3 0.06981770833333334 0.5669444444444444 0.12494791666666667 0.38592592592592595
0 0.779765625 0.13425925925925927 0.14526041666666664 0.24018518518518517
