1 0.1833854166666667 0.6157407407407407 0.2419791666666667 0.3448148148148148
3 0.45143229166666665 0.03453703703703703 0.06651041666666667 0.06907407407407407
1 0.7323958333333332 0.33828703703703705 0.07197916666666666 0.15712962962962962
1 0.20322916666666668 0.22532407407407407 0.08687500000000001 0.15805555555555553
1 0.537109375 0.7780555555555555 0.025156249999999998 0.06185185185185185
1 0.5832552083333334 0.7598148148148148 0.16109375 0.40370370370370373
1 0.09908854166666667 0.26212962962962966 0.17942708333333332 0.19833333333333333
3 0.40015625000000005 0.6058333333333333 0.21520833333333333 0.4957407407407407
1 0.9823177083333333 0.4348148148148148 0.03536458333333334 0.14833333333333332
1 0.9186458333333333 0.3359722222222222 0.16270833333333332 0.1376851851851852
2 0.918203125 0.06217592592592593 0.09296875 0.12435185185185187
