1 0.3489322916666666 0.08467592592592593 0.05057291666666666 0.07212962962962964
1 0.7269791666666666 0.71375 0.18822916666666664 0.24231481481481482
3 0.26065104166666664 0.11648148148148148 0.17994791666666668 0.23296296296296296
1 0.3359635416666667 0.06578703703703703 0.10203125 0.13157407407407407
1 0.5160416666666667 0.6733333333333333 0.1309375 0.12722222222222224
1 0.9669791666666667 0.4869907407407408 0.06604166666666667 0.12768518518518518
1 0.3197135416666666 0.7636574074074074 0.14578125 0.40750000000000003
1 0.12718749999999998 0.40699074074074076 0.25437499999999996 0.6043518518518519
1 0.08171875 0.47481481481481475 0.1634375 0.4059259259259259
1 0.3157552083333333 0.1536111111111111 0.04505208333333333 0.08296296296296296
