3 0.21906250000000002 0.32921296296296293 0.3422916666666667 0.42027777777777775
1 0.060807291666666666 0.8656018518518519 0.12161458333333333 0.2687962962962963
1 0.4746875 0.39569444444444446 0.09697916666666666 0.10416666666666667
3 0.49296875 0.3862962962962963 0.263125 0.3888888888888889
1 0.39489583333333333 0.2973148148148148 0.05427083333333334 0.06555555555555555
1 0.5845572916666666 0.29125 0.26671875 0.5825
1 0.9071874999999999 0.6353703703703704 0.18562499999999998 0.40685185185185185
1 0.049817708333333335 0.35050925925925924 0.09942708333333333 0.1713888888888889
1 0.9541145833333332 0.9289351851851851 0.09177083333333333 0.14212962962962963
1 0.09950520833333334 0.1576851851851852 0.1990104166666667 0.23777777777777778
1 0.6125781250000001 0.8356944444444444 0.18901041666666665 0.3286111111111111
