1 0.6867968750000001 0.9166666666666666 0.09807291666666668 0.10851851851851853
0 0.7222916666666668 0.7732407407407408 0.165 0.22166666666666668
1 0.7965625 0.1363425925925926 0.2175 0.2726851851851852
1 0.8244010416666666 0.48680555555555555 0.14609375 0.24249999999999997
1 0.03825520833333333 0.7749074074074075 0.07651041666666666 0.16425925925925927
1 0.8380729166666666 0.3461111111111111 0.07760416666666667 0.17888888888888888
1 0.06588541666666667 0.5650000000000001 0.13177083333333334 0.22203703703703706
1 0.4376302083333333 0.669212962962963 0.039427083333333335 0.1526851851851852
1 0.9758854166666667 0.5595833333333333 0.04822916666666666 0.08916666666666666
1 0.37747395833333336 0.8061574074074074 0.04848958333333333 0.10324074074074074
1 0.8252343750000001 0.8652314814814815 0.22557291666666668 0.2695370370370371
1 0.738359375 0.5700462962962963 0.13973958333333333 0.24175925925925928
