3 0.037083333333333336 0.40162037037037035 0.07416666666666667 0.20046296296296295
3 0.5290625 0.8178240740740741 0.05708333333333333 0.13564814814814816
1 0.21343749999999997 0.016203703703703703 0.11135416666666667 0.032407407407407406
1 0.8488802083333333 0.07615740740740741 0.13942708333333334 0.15231481481481482
0 0.3436458333333333 0.050833333333333335 0.18187499999999998 0.10166666666666667
1 0.5229166666666667 0.06773148148148149 0.10104166666666667 0.13546296296296298
1 0.4034114583333333 0.4987037037037036 0.29890625 0.33555555555555555
1 0.752109375 0.9529166666666665 0.04192708333333333 0.09416666666666666
3 0.5734375 0.8528240740740741 0.06802083333333334 0.12935185185185183
3 0.5291927083333333 0.9735648148148148 0.04848958333333333 0.05287037037037037
1 0.3895052083333333 0.5817129629629629 0.06567708333333333 0.10601851851851851
1 0.48385416666666664 0.7668518518518519 0.16572916666666665 0.36314814814814816
1 0.07171875 0.1940277777777778 0.1434375 0.18712962962962962
