1 0.16807291666666666 0.08888888888888889 0.09302083333333333 0.16166666666666665
0 0.8852604166666667 0.09319444444444445 0.134375 0.18324074074074076
1 0.08825520833333332 0.12402777777777776 0.17651041666666664 0.24157407407407405
1 0.5886197916666667 0.7039351851851852 0.33609374999999997 0.5921296296296297
1 0.9630208333333333 0.10282407407407407 0.07395833333333333 0.20564814814814814
1 0.9247656249999999 0.49958333333333327 0.15057291666666667 0.5091666666666667
3 0.5823177083333333 0.39490740740740743 0.08338541666666667 0.13907407407407407
1 0.78171875 0.22643518518518518 0.145 0.24694444444444444
0 0.08419270833333332 0.8417129629629629 0.08838541666666666 0.1391666666666667
0 0.21622395833333333 0.8467129629629631 0.14765625 0.16620370370370371
1 0.010442708333333333 0.8076851851851852 0.020885416666666667 0.14907407407407408
