1 0.5479687500000001 0.7684722222222221 0.12802083333333333 0.14842592592592593
3 0.61890625 0.3097685185185185 0.38104166666666667 0.5141666666666667
3 0.43854166666666666 0.656712962962963 0.120625 0.2682407407407407
1 0.17424479166666668 0.7768518518518519 0.34848958333333335 0.4238888888888889
1 0.068984375 0.4593055555555556 0.13796875 0.33342592592592596
2 0.5388541666666667 0.6256018518518518 0.10666666666666667 0.15842592592592591
3 0.36692708333333335 0.7498148148148148 0.06020833333333333 0.34203703703703703
3 0.8949739583333334 0.2622685185185185 0.21005208333333333 0.524537037037037
1 0.3770572916666667 0.27287037037037043 0.16755208333333332 0.4153703703703704
1 0.9052864583333332 0.5394444444444445 0.18942708333333333 0.30074074074074075
1 0.9855989583333334 0.4418055555555555 0.028802083333333332 0.13657407407407407
1 0.91921875 0.692037037037037 0.1615625 0.26944444444444443
