1 0.27903645833333335 0.09152777777777778 0.28234375 0.18305555555555555
3 0.46828125000000004 0.48407407407407405 0.23583333333333334 0.4172222222222222
0 0.34184895833333334 0.17050925925925928 0.12484374999999999 0.1678703703703704
1 0.3791145833333333 0.7189814814814814 0.13479166666666667 0.3164814814814815
3 0.24828125000000004 0.48523148148148143 0.10479166666666666 0.26342592592592595
1 0.17914062500000003 0.5374074074074074 0.19755208333333335 0.28481481481481485
1 0.426015625 0.8440740740740741 0.13203125 0.3118518518518519
1 0.4133072916666667 0.6147222222222222 0.03473958333333334 0.032407407407407406
1 0.3254427083333333 0.5660185185185185 0.07453125 0.3416666666666667
1 0.27882812500000004 0.395 0.07296875 0.24129629629629631
