1 0.17049479166666667 0.7664814814814814 0.30473958333333334 0.46703703703703703
3 0.40203125 0.8514351851851851 0.25375 0.29712962962962963
1 0.14354166666666668 0.50625 0.21572916666666667 0.4741666666666667
3 0.8976822916666667 0.11027777777777777 0.11151041666666667 0.1337037037037037
1 0.12049479166666667 0.6472222222222223 0.08776041666666666 0.125
3 0.3838020833333333 0.6683796296296296 0.15052083333333333 0.14509259259259258
1 0.3134635416666667 0.4135648148148148 0.10828125000000001 0.3039814814814815
1 0.7690885416666667 0.1599074074074074 0.12578125 0.185
3 0.7728125 0.051666666666666666 0.2029166666666667 0.10333333333333333
3 0.8832552083333334 0.3043518518518519 0.23348958333333333 0.31444444444444447
3 0.6617708333333334 0.5352777777777779 0.174375 0.23259259259259257
1 0.37338541666666664 0.3486111111111111 0.3173958333333333 0.3622222222222222
3 0.2538802083333333 0.37537037037037035 0.13026041666666666 0.31611111111111106
1 0.062265625 0.7127314814814815 0.10286458333333333 0.11657407407407408
