3 0.9599739583333332 0.22194444444444444 0.08005208333333333 0.15055555555555555
3 0.278984375 0.7956481481481481 0.15307291666666664 0.4087037037037037
3 0.9551562499999999 0.06726851851851852 0.08968749999999999 0.13453703703703704
3 0.7995312499999999 0.1162037037037037 0.04854166666666667 0.2024074074074074
3 0.8248697916666666 0.8727314814814814 0.09494791666666667 0.14638888888888887
1 0.6160677083333332 0.6891203703703703 0.23442708333333334 0.4778703703703704
3 0.5356510416666667 0.7787962962962963 0.21723958333333335 0.4424074074074074
3 0.8805468750000001 0.5518981481481481 0.2150520833333333 0.37305555555555553
1 0.7115104166666666 0.46523148148148147 0.09739583333333333 0.16342592592592592
3 0.7628125000000001 0.5626388888888889 0.09364583333333334 0.13657407407407407
