1 0.9186458333333333 0.5367592592592593 0.16270833333333332 0.27166666666666667
1 0.24210937500000002 0.7016666666666667 0.27703125 0.31148148148148147
1 0.8470572916666668 0.5775925925925925 0.07932291666666667 0.2288888888888889
1 0.7759114583333333 0.14384259259259258 0.17015624999999998 0.28768518518518515
3 0.25059895833333334 0.2718055555555556 0.07963541666666667 0.13972222222222222
1 0.36244791666666665 0.40564814814814815 0.1553125 0.4225925925925926
3 0.493984375 0.04162037037037037 0.04911458333333333 0.08324074074074074
1 0.9692187499999999 0.7263425925925925 0.0615625 0.18898148148148147
1 0.9666145833333333 0.8483333333333334 0.06677083333333332 0.13240740740740742
1 0.8025520833333334 0.567175925925926 0.0509375 0.0987962962962963
1 0.8030208333333333 0.49231481481481487 0.08572916666666666 0.10481481481481482
3 0.9548958333333333 0.08462962962962964 0.09020833333333332 0.16925925925925928
