1 0.6065104166666667 0.8050925925925926 0.17729166666666665 0.352962962962963
1 0.669921875 0.6548148148148148 0.06817708333333333 0.2874074074074074
1 0.7989322916666666 0.1809722222222222 0.15973958333333332 0.16212962962962962
1 0.8386979166666666 0.8829166666666666 0.1642708333333333 0.23435185185185184
1 0.7936979166666666 0.38861111111111113 0.12302083333333333 0.1637037037037037
3 0.926953125 0.32083333333333336 0.14609375 0.3255555555555556
3 0.047447916666666666 0.9077777777777779 0.09489583333333333 0.18185185185185185
1 0.39416666666666667 0.47555555555555556 0.12291666666666666 0.17555555555555555
1 0.18119791666666665 0.687175925925926 0.3623958333333333 0.6256481481481482
1 0.5179166666666667 0.36185185185185187 0.23520833333333335 0.46555555555555556
3 0.3683072916666667 0.30111111111111116 0.1759895833333333 0.257962962962963
