1 0.31994791666666667 0.07375000000000001 0.1171875 0.14750000000000002
1 0.13075520833333332 0.07444444444444445 0.2540104166666667 0.1488888888888889
1 0.11067708333333333 0.2637037037037037 0.22135416666666666 0.27481481481481485
1 0.43783854166666664 0.6539351851851852 0.07473958333333333 0.09787037037037037
1 0.21755208333333337 0.78625 0.2409375 0.16342592592592592
3 0.8956510416666666 0.4946296296296297 0.20869791666666665 0.4777777777777778
1 0.9729166666666667 0.6451851851851852 0.05416666666666667 0.21555555555555556
1 0.9561718750000001 0.5268981481481482 0.08765625 0.08787037037037038
1 0.9646614583333333 0.22143518518518515 0.07067708333333332 0.09916666666666667
1 0.42010416666666667 0.39925925925925926 0.17385416666666667 0.2537037037037037
3 0.45859375 0.16087962962962962 0.22177083333333333 0.32175925925925924
