0 0.57609375 0.4186574074074074 0.15375 0.21305555555555555
3 0.8998177083333333 0.12208333333333332 0.20036458333333332 0.24416666666666664
1 0.8844791666666666 0.6819907407407408 0.0678125 0.1063888888888889
0 0.8080729166666667 0.6976851851851852 0.2871875 0.2972222222222222
0 0.5447395833333334 0.24935185185185185 0.0971875 0.10722222222222222
0 0.46458333333333335 0.4288888888888889 0.10489583333333334 0.2712962962962963
1 0.9102343749999999 0.8080092592592593 0.17953125 0.13361111111111112
3 0.06411458333333334 0.11685185185185186 0.12822916666666667 0.23370370370370372
1 0.9585416666666666 0.8965740740740741 0.08291666666666667 0.11351851851851852
1 0.942109375 0.5124537037037038 0.11578125 0.2912037037037037
1 0.9130989583333332 0.6344907407407407 0.17380208333333333 0.2612037037037037
