1 0.10942708333333333 0.07157407407407407 0.21885416666666666 0.14314814814814814
3 0.22171875 0.4698148148148148 0.2265625 0.4262962962962963
0 0.125625 0.17060185185185187 0.131875 0.13694444444444445
1 0.13385416666666666 0.7121759259259259 0.1353125 0.32083333333333336
3 0.03361979166666666 0.5044444444444444 0.06723958333333332 0.2016666666666667
1 0.01747395833333333 0.5637037037037037 0.03494791666666666 0.1774074074074074
1 0.18031250000000001 0.8400000000000001 0.14625000000000002 0.32
1 0.166015625 0.598425925925926 0.05182291666666667 0.04925925925925926
1 0.08419270833333334 0.5557407407407408 0.07942708333333333 0.3437037037037037
1 0.04440104166666667 0.3800925925925926 0.07557291666666667 0.24166666666666667
1 0.9298177083333333 0.8673611111111111 0.14036458333333332 0.23546296296296299
