3 0.73359375 0.6581481481481481 0.30124999999999996 0.6837037037037037
1 0.8544010416666665 0.3553703703703704 0.16963541666666665 0.18481481481481482
1 0.4954166666666666 0.3584722222222222 0.12479166666666666 0.20027777777777778
1 0.10695312500000001 0.6729166666666667 0.02921875 0.06861111111111111
1 0.010208333333333335 0.6716203703703704 0.02041666666666667 0.060833333333333336
1 0.24359375 0.6077777777777778 0.12447916666666667 0.3748148148148148
1 0.8495833333333334 0.843425925925926 0.17322916666666668 0.28111111111111114
1 0.44890625 0.44601851851851854 0.11875 0.19925925925925925
1 0.9594270833333334 0.1508796296296296 0.08114583333333333 0.3017592592592592
3 0.91390625 0.8899537037037036 0.17135416666666667 0.2200925925925926
