1 0.7309895833333333 0.8388888888888889 0.16791666666666666 0.32222222222222224
3 0.08083333333333333 0.20694444444444443 0.16166666666666665 0.41388888888888886
1 0.133203125 0.727638888888889 0.26640625 0.1875
1 0.304296875 0.8843055555555556 0.045468749999999995 0.2313888888888889
1 0.143671875 0.9117592592592592 0.18244791666666668 0.1764814814814815
1 0.09309895833333333 0.37351851851851847 0.05244791666666667 0.0674074074074074
3 0.2816927083333333 0.3428703703703704 0.08453125 0.11722222222222221
1 0.31078125 0.25004629629629627 0.054375 0.1534259259259259
1 0.48432291666666666 0.2836574074074074 0.103125 0.3075
1 0.8381510416666667 0.6855555555555556 0.09880208333333333 0.40555555555555556
1 0.6709895833333335 0.8176388888888888 0.12645833333333334 0.28324074074074074
1 0.5843489583333333 0.9480555555555555 0.04119791666666666 0.10388888888888889
1 0.7433854166666667 0.6930092592592592 0.13197916666666668 0.32157407407407407
1 0.7462239583333333 0.3160648148148148 0.05963541666666667 0.12212962962962963
1 0.9059114583333333 0.7375462962962962 0.08151041666666667 0.30842592592592594
1 0.06489583333333333 0.47231481481481485 0.12979166666666667 0.1574074074074074
1 0.9525260416666668 0.6447685185185185 0.09494791666666667 0.23527777777777778
1 0.931328125 0.8431944444444445 0.13734375 0.3136111111111111
