3 0.4345833333333333 0.5422222222222223 0.36916666666666664 0.5798148148148149
1 0.6821875 0.19032407407407406 0.04697916666666667 0.03324074074074074
1 0.5303645833333334 0.15787037037037038 0.145 0.185
1 0.06015625 0.7607407407407406 0.1203125 0.40129629629629626
1 0.115 0.5788425925925925 0.1753125 0.15805555555555553
3 0.08898437499999999 0.24125000000000002 0.17796874999999998 0.38712962962962966
3 0.72453125 0.6205555555555556 0.5291666666666667 0.7103703703703704
1 0.18690104166666668 0.30092592592592593 0.07005208333333333 0.12574074074074076
3 0.04854166666666667 0.4714351851851852 0.09708333333333334 0.1884259259259259
1 0.9457552083333334 0.11125 0.10848958333333333 0.2225
3 0.89578125 0.39064814814814813 0.2084375 0.3698148148148148
