3 0.4257552083333333 0.3322222222222222 0.07453125 0.18407407407407408
3 0.45671875 0.052314814814814814 0.1928125 0.10462962962962963
1 0.21145833333333333 0.5457870370370371 0.3314583333333333 0.5173148148148149
3 0.79828125 0.3374074074074074 0.17177083333333334 0.47055555555555556
1 0.5692968749999999 0.8721296296296297 0.17265625 0.2364814814814815
1 0.527265625 0.6405555555555555 0.21401041666666665 0.3542592592592593
1 0.9702864583333334 0.662962962962963 0.05942708333333333 0.1733333333333333
3 0.2223177083333333 0.24324074074074073 0.31994791666666667 0.48648148148148146
1 0.8600260416666666 0.42537037037037034 0.11786458333333334 0.2601851851851852
3 0.03424479166666667 0.25555555555555554 0.06848958333333334 0.5016666666666666
1 0.9733854166666666 0.1488888888888889 0.05322916666666667 0.15537037037037038
0 0.5201041666666667 0.7441203703703705 0.16520833333333332 0.3323148148148148
2 0.5615104166666666 0.7560185185185185 0.06875 0.09796296296296296
