0 0.834609375 0.2601851851851852 0.09171875 0.28685185185185186
1 0.9438541666666667 0.5901388888888889 0.11229166666666666 0.08731481481481482
1 0.6152604166666666 0.7587962962962963 0.12416666666666668 0.2531481481481481
1 0.8774479166666667 0.5385185185185185 0.10552083333333333 0.07203703703703704
1 0.041276041666666666 0.7650462962962963 0.08255208333333333 0.24101851851851852
1 0.19723958333333333 0.9430555555555555 0.09083333333333334 0.11388888888888889
1 0.25127604166666667 0.6940277777777777 0.14067708333333334 0.5113888888888889
1 0.06104166666666667 0.5725462962962963 0.12208333333333334 0.41638888888888886
3 0.35216145833333334 0.44310185185185186 0.35463541666666665 0.4337962962962963
1 0.6453385416666666 0.31912037037037033 0.18984375 0.35101851851851856
1 0.777109375 0.5115740740740741 0.05140625 0.0762962962962963
1 0.8368229166666666 0.40699074074074076 0.16135416666666666 0.2263888888888889
3 0.54875 0.3578703703703704 0.2719791666666667 0.36444444444444446
1 0.9678645833333334 0.4056018518518519 0.06427083333333333 0.09583333333333334
