1 0.04432291666666666 0.7731018518518519 0.08864583333333333 0.21916666666666665
3 0.686328125 0.09638888888888889 0.12453125 0.19277777777777777
3 0.10020833333333333 0.4200462962962963 0.20041666666666666 0.2667592592592593
1 0.7241145833333335 0.7093518518518519 0.12489583333333334 0.26296296296296295
1 0.9560156249999999 0.5678240740740741 0.08796875 0.15898148148148147
1 0.5614322916666666 0.6874537037037037 0.14651041666666667 0.27749999999999997
1 0.5719270833333333 0.8495370370370371 0.15114583333333334 0.18333333333333332
1 0.5959114583333334 0.9299999999999999 0.15786458333333334 0.09129629629629629
1 0.204921875 0.6069444444444444 0.3041145833333333 0.335
0 0.40557291666666667 0.2611111111111111 0.1965625 0.34074074074074073
1 0.52390625 0.08949074074074075 0.17302083333333332 0.1789814814814815
3 0.6350260416666667 0.08212962962962964 0.09723958333333332 0.16425925925925927
