3 0.355078125 0.785462962962963 0.1521354166666667 0.19203703703703703
3 0.07247395833333334 0.4875 0.14494791666666668 0.3866666666666667
1 0.24901041666666665 0.24375 0.14395833333333333 0.2821296296296296
1 0.7309114583333333 0.41277777777777774 0.08338541666666667 0.14833333333333332
1 0.8861979166666667 0.4084722222222222 0.07541666666666667 0.33361111111111114
3 0.366953125 0.17546296296296296 0.20244791666666667 0.23444444444444443
3 0.3515625 0.5680092592592593 0.12010416666666666 0.22564814814814813
1 0.37661458333333336 0.2338425925925926 0.08447916666666666 0.15953703703703706
0 0.3088020833333333 0.045648148148148146 0.08895833333333333 0.09129629629629629
0 0.50984375 0.10777777777777778 0.12083333333333333 0.21555555555555556
3 0.07135416666666666 0.09393518518518519 0.14270833333333333 0.18787037037037038
