1 0.9003385416666667 0.877962962962963 0.10901041666666668 0.23574074074074072
3 0.35432291666666665 0.7505555555555554 0.0203125 0.07185185185185185
3 0.3925 0.8868518518518518 0.042083333333333334 0.185
0 0.3887760416666666 0.8640277777777777 0.02140625 0.07916666666666666
0 0.28888020833333333 0.9311574074074074 0.13234375 0.1376851851851852
1 0.24697916666666667 0.5406018518518518 0.19447916666666665 0.34824074074074074
3 0.9175 0.27375 0.16489583333333335 0.3200925925925926
1 0.028697916666666667 0.4696296296296297 0.05739583333333333 0.27481481481481485
1 0.3848958333333333 0.14722222222222223 0.13697916666666668 0.29444444444444445
1 0.6952604166666667 0.6012962962962963 0.13197916666666668 0.1988888888888889
