1 0.5885937499999999 0.7505555555555555 0.06729166666666667 0.05296296296296297
1 0.5804947916666666 0.5955092592592592 0.09838541666666667 0.20046296296296295
1 0.12458333333333332 0.9764814814814816 0.050520833333333334 0.04703703703703704
3 0.5023177083333333 0.690324074074074 0.25473958333333335 0.35916666666666663
1 0.16869791666666664 0.6866666666666666 0.07989583333333333 0.10648148148148148
1 0.8802604166666668 0.9322685185185186 0.059583333333333335 0.11361111111111111
1 0.9505989583333334 0.8605092592592593 0.04140625 0.06805555555555555
1 0.8213802083333334 0.7786574074074074 0.19994791666666664 0.4426851851851852
3 0.40122395833333335 0.13361111111111112 0.02734375 0.09722222222222222
1 0.402421875 0.25333333333333335 0.07036458333333333 0.1151851851851852
1 0.40825520833333334 0.3901388888888889 0.15859375 0.2300925925925926
1 0.288359375 0.4397222222222222 0.16244791666666666 0.3924074074074074
3 0.512421875 0.27421296296296294 0.16526041666666666 0.14324074074074072
1 0.32640625 0.8245370370370371 0.2920833333333333 0.3509259259259259
3 0.6659375 0.6950925925925926 0.16802083333333334 0.6098148148148148
3 0.32864583333333336 0.3210648148148148 0.0953125 0.07787037037037037
3 0.20179687500000001 0.5142592592592592 0.056093750000000005 0.11222222222222222
