1 0.08114583333333333 0.8578703703703704 0.16229166666666667 0.28425925925925927
3 0.9492447916666666 0.2772222222222222 0.10151041666666667 0.5266666666666666
1 0.8448697916666668 0.8303703703703703 0.10307291666666667 0.33925925925925926
1 0.633203125 0.09995370370370371 0.19994791666666664 0.19990740740740742
1 0.7893229166666667 0.350462962962963 0.0959375 0.1261111111111111
3 0.5955729166666667 0.2452314814814815 0.3485416666666667 0.2556481481481482
3 0.7784635416666668 0.5020370370370371 0.24338541666666666 0.39425925925925925
3 0.6185677083333334 0.6521296296296296 0.32609375 0.6314814814814815
1 0.44070312500000003 0.7389351851851852 0.23328125 0.3836111111111111
3 0.34044270833333334 0.9037037037037037 0.12609375 0.19277777777777777
3 0.28830729166666663 0.8690740740740741 0.13213541666666667 0.26185185185185184
