1 0.6211458333333333 0.7687037037037037 0.16333333333333336 0.14592592592592593
1 0.06427083333333333 0.6900000000000001 0.12854166666666667 0.31148148148148147
1 0.316015625 0.7505092592592593 0.21942708333333333 0.49898148148148147
1 0.16208333333333333 0.6823611111111112 0.12479166666666666 0.21194444444444446
1 0.9104427083333333 0.6332407407407408 0.13942708333333334 0.22092592592592591
1 0.4688802083333333 0.6139351851851852 0.16015625 0.19842592592592595
3 0.8531510416666667 0.19666666666666668 0.1833854166666667 0.21462962962962964
3 0.6184635416666667 0.23842592592592593 0.32036458333333334 0.47685185185185186
1 0.7353385416666668 0.9206481481481482 0.12880208333333334 0.1587037037037037
1 0.9047395833333334 0.8706481481481481 0.19052083333333333 0.25870370370370366
