1 0.17463541666666668 0.5046759259259259 0.134375 0.35564814814814816
1 0.9447916666666667 0.7218055555555555 0.09895833333333333 0.08083333333333333
3 0.9646614583333333 0.48009259259259257 0.07067708333333332 0.08833333333333333
3 0.6926562500000001 0.11564814814814815 0.12125000000000001 0.2312962962962963
3 0.923671875 0.3451388888888889 0.15265625000000002 0.22675925925925927
3 0.7657031249999999 0.03333333333333333 0.05682291666666666 0.06666666666666667
1 0.35815104166666667 0.5967592592592592 0.18671875 0.2611111111111111
1 0.40695312499999997 0.7512037037037037 0.36973958333333334 0.4975925925925926
1 0.43044270833333337 0.968287037037037 0.09244791666666667 0.06342592592592593
1 0.324609375 0.8577777777777778 0.10348958333333333 0.20703703703703702
3 0.09807291666666668 0.2824074074074074 0.19614583333333335 0.19611111111111112
3 0.8960416666666666 0.5661574074074075 0.20791666666666667 0.3023148148148148
1 0.6480989583333333 0.5500462962962962 0.3138020833333333 0.48416666666666663
1 0.803515625 0.4560648148148148 0.19546875 0.10824074074074075
