0 0.548359375 0.2599537037037037 0.11609375000000001 0.22824074074074074
3 0.40546875 0.3615277777777778 0.2203125 0.4387962962962963
1 0.22908854166666667 0.12935185185185183 0.21151041666666667 0.25870370370370366
1 0.15333333333333332 0.8145370370370371 0.21052083333333332 0.37092592592592594
1 0.028333333333333332 0.8291666666666667 0.056666666666666664 0.32629629629629625
1 0.49877604166666667 0.5889814814814816 0.08838541666666666 0.10907407407407407
3 0.062239583333333334 0.667037037037037 0.06020833333333333 0.23796296296296296
1 0.07421875 0.33134259259259263 0.1484375 0.2784259259259259
1 0.6329166666666667 0.9071296296296296 0.20375 0.18574074074074073
1 0.9359375 0.43467592592592597 0.128125 0.3150925925925926
1 0.9555208333333334 0.642037037037037 0.08895833333333333 0.21037037037037035
1 0.5593489583333333 0.7330092592592593 0.06911458333333333 0.14527777777777778
