3 0.915859375 0.6793981481481481 0.1681770833333333 0.23712962962962966
1 0.7633593750000001 0.15157407407407406 0.12546875 0.3031481481481481
3 0.8641927083333333 0.29439814814814813 0.2716145833333333 0.5887962962962963
3 0.6505208333333333 0.7938888888888889 0.063125 0.1912962962962963
1 0.4826041666666666 0.35074074074074074 0.19239583333333332 0.2588888888888889
1 0.3399479166666667 0.8109259259259259 0.2782291666666667 0.3781481481481481
1 0.1515625 0.768425925925926 0.303125 0.46314814814814814
3 0.30124999999999996 0.39375 0.18604166666666666 0.16620370370370371
3 0.24018229166666666 0.2150462962962963 0.23046875 0.3913888888888889
1 0.6956770833333332 0.3794444444444444 0.0678125 0.07666666666666666
1 0.6671354166666666 0.5218981481481482 0.050312499999999996 0.1362037037037037
3 0.5330729166666667 0.8374537037037038 0.14625000000000002 0.3250925925925926
1 0.7790364583333333 0.7905092592592593 0.08505208333333333 0.16842592592592592
1 0.8273177083333334 0.5422222222222222 0.34536458333333336 0.2837037037037037
1 0.670390625 0.6921296296296297 0.06484375 0.12574074074074076
