1 0.12213541666666666 0.5363425925925925 0.20208333333333334 0.3125
1 0.04708333333333334 0.8467592592592592 0.09416666666666668 0.2577777777777778
1 0.27434895833333334 0.7522222222222222 0.13890624999999998 0.3637037037037037
1 0.29856770833333335 0.21375 0.04911458333333333 0.2112037037037037
1 0.44114583333333335 0.4794444444444444 0.19749999999999998 0.2772222222222222
1 0.950390625 0.08523148148148148 0.08286458333333332 0.17046296296296296
3 0.41976562500000003 0.07833333333333332 0.22369791666666666 0.15666666666666665
1 0.8962760416666667 0.5779166666666667 0.15359375 0.3917592592592593
1 0.947421875 0.5059259259259259 0.10526041666666666 0.45037037037037037
1 0.6394270833333333 0.88875 0.4047916666666667 0.2225
1 0.03697916666666667 0.5693055555555556 0.07395833333333333 0.18231481481481482
1 0.14791666666666667 0.1686111111111111 0.29583333333333334 0.3372222222222222
