1 0.684140625 0.9155092592592593 0.21567708333333335 0.16898148148148148
1 0.5680208333333333 0.725462962962963 0.11416666666666667 0.2137037037037037
1 0.6690364583333334 0.7125 0.06463541666666667 0.2577777777777778
3 0.9378125 0.5929166666666666 0.124375 0.36342592592592593
3 0.5097916666666666 0.3226388888888889 0.40708333333333335 0.5000925925925926
1 0.33346354166666664 0.11671296296296296 0.26119791666666664 0.23342592592592593
3 0.9487500000000001 0.3524074074074074 0.10250000000000001 0.2124074074074074
1 0.232890625 0.27361111111111114 0.16953125 0.20055555555555554
1 0.06166666666666667 0.16842592592592592 0.05333333333333334 0.08351851851851852
1 0.062265625 0.17310185185185184 0.12453125 0.3462037037037037
1 0.5905468749999999 0.5906944444444445 0.07119791666666667 0.16546296296296295
2 0.27854166666666663 0.8800925925925925 0.0459375 0.14277777777777775
