1 0.9797135416666667 0.3437037037037037 0.04057291666666667 0.14444444444444443
1 0.8704947916666668 0.7100462962962962 0.12880208333333334 0.1325
1 0.9426041666666667 0.7425925925925926 0.11479166666666667 0.10629629629629629
1 0.4336979166666667 0.1312962962962963 0.1546875 0.25074074074074076
3 0.32145833333333335 0.29324074074074075 0.15447916666666667 0.12648148148148147
1 0.29390625 0.22699074074074074 0.12291666666666666 0.09583333333333334
1 0.9150260416666668 0.8389814814814816 0.16994791666666667 0.19814814814814816
1 0.8391145833333334 0.39837962962962964 0.19916666666666666 0.21435185185185185
1 0.9676562499999999 0.5105555555555555 0.043333333333333335 0.14296296296296296
3 0.4083333333333333 0.18074074074074073 0.07437500000000001 0.13592592592592595
1 0.8440364583333333 0.8237962962962964 0.09838541666666667 0.12351851851851853
