1 0.8037760416666667 0.11259259259259259 0.2850520833333333 0.22518518518518518
3 0.9803906250000001 0.4712037037037037 0.03921875 0.30833333333333335
0 0.8659114583333333 0.20634259259259258 0.10703125 0.16046296296296297
1 0.972265625 0.6995370370370371 0.05546875 0.14833333333333332
1 0.6324479166666667 0.709212962962963 0.07479166666666666 0.1313888888888889
3 0.8540364583333333 0.49337962962962967 0.11005208333333334 0.24657407407407408
1 0.012812500000000001 0.5411574074074075 0.025625000000000002 0.12638888888888888
1 0.80859375 0.5650925925925926 0.16239583333333335 0.2403703703703704
1 0.9486197916666668 0.575462962962963 0.10276041666666667 0.29277777777777775
1 0.8579947916666667 0.3948148148148148 0.11453125 0.1724074074074074
1 0.834140625 0.4426388888888889 0.08130208333333333 0.12398148148148148
1 0.23947916666666666 0.965601851851852 0.04375 0.0687962962962963
