3 0.8391145833333333 0.9090740740740741 0.3217708333333333 0.18185185185185185
3 0.5970052083333334 0.05375 0.20505208333333333 0.1075
1 0.9734375 0.9769907407407407 0.053125 0.04601851851851852
1 0.8055208333333332 0.05199074074074074 0.10729166666666666 0.10398148148148148
1 0.2847135416666667 0.2626851851851852 0.16963541666666665 0.32407407407407407
1 0.12981770833333334 0.9512037037037037 0.20036458333333332 0.09759259259259259
1 0.9632552083333333 0.31180555555555556 0.07348958333333333 0.34157407407407403
1 0.09950520833333334 0.5867592592592593 0.1990104166666667 0.5785185185185184
1 0.021718750000000002 0.6476851851851851 0.043437500000000004 0.18388888888888888
3 0.10825520833333332 0.17875000000000002 0.21651041666666665 0.35750000000000004
