1 0.347734375 0.6820833333333333 0.06526041666666667 0.06546296296296296
3 0.043645833333333335 0.3811111111111111 0.08729166666666667 0.24444444444444444
3 0.539609375 0.03925925925925926 0.08223958333333334 0.07851851851851852
1 0.8325520833333333 0.7997685185185185 0.33489583333333334 0.40046296296296297
3 0.9538802083333333 0.43226851851851855 0.09223958333333333 0.16398148148148148
3 0.9385156250000001 0.22962962962962963 0.12296875 0.34574074074074074
1 0.43734375 0.6733796296296296 0.12489583333333334 0.21768518518518518
1 0.5151041666666667 0.9113888888888889 0.07625 0.17722222222222223
1 0.685625 0.45212962962962966 0.19364583333333335 0.31203703703703706
1 0.03278645833333334 0.22305555555555556 0.06557291666666668 0.11296296296296296
1 0.4569270833333334 0.02699074074074074 0.12104166666666667 0.05398148148148148
1 0.325546875 0.39152777777777775 0.08536458333333334 0.27120370370370367
0 0.222109375 0.6037037037037037 0.11567708333333333 0.15444444444444447
1 0.10531249999999999 0.6681944444444444 0.21062499999999998 0.40675925925925926
1 0.011640625 0.7400462962962963 0.02328125 0.18768518518518518
1 0.06239583333333333 0.5515277777777778 0.12479166666666666 0.5649074074074074
