1 0.12361979166666666 0.8904629629629629 0.24723958333333332 0.21907407407407406
1 0.82671875 0.9659722222222222 0.059062500000000004 0.05768518518518518
3 0.9432291666666667 0.11425925925925927 0.11354166666666667 0.22851851851851854
3 0.9376302083333333 0.41328703703703706 0.12473958333333333 0.4793518518518519
1 0.8398697916666666 0.2952314814814815 0.16807291666666666 0.3525
3 0.03236979166666667 0.19833333333333333 0.06473958333333334 0.2909259259259259
1 0.1578125 0.6160648148148148 0.16708333333333333 0.33990740740740744
1 0.27679687499999994 0.7939351851851852 0.11567708333333333 0.2649074074074074
1 0.10875 0.506898148148148 0.09208333333333334 0.1537962962962963
2 0.044661458333333334 0.5442592592592593 0.05578125 0.1577777777777778
1 0.07028645833333333 0.3877777777777778 0.06869791666666666 0.07814814814814815
1 0.05848958333333333 0.6998148148148148 0.103125 0.23203703703703704
