1 0.3209635416666667 0.4824074074074074 0.20921874999999998 0.3131481481481481
1 0.7544010416666667 0.43245370370370373 0.19192708333333333 0.3860185185185185
1 0.9498958333333333 0.4315277777777778 0.1003125 0.28379629629629627
1 0.28315104166666666 0.7943055555555556 0.08078125 0.12287037037037037
1 0.07455729166666666 0.7131944444444445 0.14911458333333333 0.32546296296296295
1 0.30541666666666667 0.8662500000000001 0.06510416666666667 0.09435185185185185
1 0.06890625 0.3175462962962963 0.1378125 0.20212962962962963
1 0.0884375 0.15537037037037038 0.176875 0.31074074074074076
1 0.3291927083333333 0.2876851851851852 0.12796875 0.19981481481481483
1 0.08143229166666667 0.44763888888888886 0.16286458333333334 0.21027777777777779
