1 0.8875520833333334 0.3125925925925926 0.08041666666666666 0.13648148148148148
0 0.23830729166666664 0.6090740740740741 0.045468749999999995 0.08833333333333333
1 0.5539583333333333 0.518148148148148 0.255 0.3772222222222222
1 0.26283854166666665 0.4350462962962963 0.22015625 0.245462962962963
1 0.25192708333333336 0.2772685185185185 0.058958333333333335 0.08453703703703704
1 0.39781249999999996 0.8751851851851852 0.1809375 0.24962962962962965
1 0.476953125 0.8634259259259259 0.04223958333333333 0.058333333333333334
1 0.5193489583333333 0.9641203703703703 0.07723958333333333 0.07194444444444445
1 0.72140625 0.5988425925925925 0.18354166666666666 0.24768518518518517
1 0.9378645833333333 0.4377314814814815 0.12427083333333333 0.36342592592592593
1 0.9769010416666666 0.27574074074074073 0.046197916666666665 0.15074074074074076
1 0.8764322916666667 0.6628703703703703 0.13890624999999998 0.14222222222222222
1 0.7833333333333333 0.1950462962962963 0.19614583333333335 0.28361111111111115
