1 0.5393749999999999 0.38328703703703704 0.15489583333333332 0.13324074074074074
1 0.9896354166666668 0.5694444444444444 0.020729166666666667 0.1340740740740741
3 0.4703125 0.3675 0.31625000000000003 0.432962962962963
1 0.5651822916666667 0.7627314814814815 0.15911458333333334 0.19398148148148148
3 0.5043489583333333 0.8610648148148149 0.11515625 0.21101851851851852
3 0.9111718750000001 0.20425925925925925 0.17765625000000002 0.33185185185185184
3 0.44609375 0.26773148148148146 0.33239583333333333 0.3915740740740741
3 0.5478385416666666 0.06634259259259259 0.07692708333333333 0.05472222222222222
1 0.17463541666666665 0.4012962962962963 0.13083333333333333 0.2024074074074074
0 0.562265625 0.03935185185185185 0.09244791666666667 0.0787037037037037
1 0.04473958333333334 0.3542592592592593 0.08947916666666668 0.2698148148148148
1 0.163359375 0.2574537037037037 0.19744791666666667 0.2619444444444444
3 0.10018229166666666 0.05768518518518518 0.15817708333333333 0.11537037037037036
