1 0.21291666666666667 0.08754629629629629 0.2796875 0.17509259259259258
3 0.38671875 0.48087962962962966 0.2315625 0.41712962962962963
0 0.26898437499999994 0.17027777777777778 0.11880208333333334 0.15037037037037038
1 0.29565104166666667 0.7159722222222222 0.13432291666666665 0.3136111111111111
3 0.17559895833333333 0.4844907407407407 0.10109375 0.25435185185185183
1 0.10078125 0.5277777777777778 0.2015625 0.2957407407407407
1 0.3453645833333333 0.8427314814814815 0.13260416666666666 0.314537037037037
1 0.33221354166666667 0.6110648148148148 0.03786458333333333 0.034351851851851856
1 0.24518229166666666 0.5624074074074075 0.07203125 0.3412962962962963
1 0.20591145833333335 0.4030555555555555 0.07432291666666666 0.2664814814814815
