1 0.5144791666666666 0.8818055555555556 0.16593750000000002 0.2363888888888889
0 0.13067708333333333 0.539537037037037 0.2475 0.29648148148148146
0 0.950625 0.6445370370370369 0.09874999999999999 0.22462962962962962
3 0.9444270833333334 0.8195370370370371 0.11114583333333333 0.12814814814814815
3 0.7460416666666666 0.27217592592592593 0.1003125 0.09212962962962963
1 0.9147395833333333 0.7794444444444444 0.170625 0.25555555555555554
1 0.8597916666666666 0.4677777777777778 0.09395833333333334 0.35666666666666663
3 0.14281249999999998 0.7044444444444444 0.25458333333333333 0.4235185185185185
3 0.2660416666666667 0.22833333333333336 0.059583333333333335 0.1024074074074074
1 0.059270833333333335 0.08439814814814815 0.11854166666666667 0.1687962962962963
1 0.088125 0.2705092592592592 0.14104166666666668 0.15861111111111112
3 0.11265624999999999 0.3824537037037037 0.1434375 0.20027777777777778
3 0.7236458333333334 0.647962962962963 0.2634375 0.7040740740740741
1 0.8437239583333332 0.5647685185185186 0.039427083333333335 0.09601851851851852
