1 0.9295833333333333 0.35226851851851854 0.1408333333333333 0.14842592592592593
3 0.7609895833333333 0.14018518518518516 0.09093749999999999 0.16166666666666665
1 0.21760416666666665 0.21953703703703703 0.03114583333333333 0.11833333333333333
1 0.20880208333333333 0.11212962962962962 0.14447916666666666 0.22425925925925924
0 0.72859375 0.48300925925925925 0.17833333333333332 0.21916666666666665
3 0.16703125 0.3087962962962963 0.3340625 0.6175925925925926
1 0.389375 0.2675925925925926 0.22604166666666667 0.5351851851851852
3 0.11416666666666667 0.6284722222222222 0.22833333333333333 0.37287037037037035
1 0.22221354166666665 0.5614814814814816 0.17046875 0.2783333333333334
1 0.03299479166666667 0.7740277777777778 0.06598958333333334 0.1713888888888889
1 0.39890624999999996 0.5666666666666667 0.22302083333333333 0.16907407407407407
1 0.544765625 0.7116666666666666 0.30265625 0.5766666666666667
