1 0.03239583333333333 0.028425925925925924 0.06479166666666666 0.05685185185185185
1 0.8879947916666667 0.4655555555555555 0.22401041666666668 0.4677777777777778
1 0.24502604166666667 0.2386574074074074 0.10182291666666667 0.17027777777777778
3 0.261328125 0.17541666666666667 0.20098958333333333 0.35083333333333333
1 0.3857552083333333 0.4367592592592593 0.07828125000000001 0.10851851851851853
1 0.5404427083333334 0.8415277777777778 0.045468749999999995 0.060648148148148145
1 0.6419010416666666 0.6881018518518518 0.13890624999999998 0.24324074074074073
1 0.768125 0.7673611111111112 0.1909375 0.40638888888888886
1 0.26057291666666665 0.8687037037037038 0.10437500000000001 0.14666666666666667
1 0.3698697916666667 0.7314351851851852 0.27036458333333335 0.30064814814814816
1 0.38828125 0.8935648148148149 0.1859375 0.21287037037037038
1 0.48716145833333335 0.2101851851851852 0.045468749999999995 0.2164814814814815
1 0.5903645833333333 0.21175925925925929 0.180625 0.3496296296296296
3 0.9537760416666666 0.2733333333333333 0.09244791666666667 0.23574074074074072
