0 0.6265885416666667 0.28185185185185185 0.03786458333333333 0.07666666666666666
1 0.6964322916666668 0.2589814814814815 0.16067708333333333 0.2261111111111111
1 0.6333854166666667 0.5782407407407407 0.091875 0.18185185185185185
1 0.20341145833333335 0.5116666666666667 0.06515625 0.1922222222222222
3 0.15721354166666668 0.20847222222222223 0.31442708333333336 0.41694444444444445
1 0.12427083333333334 0.7769907407407408 0.1915625 0.30379629629629634
1 0.5280208333333333 0.7875925925925926 0.11447916666666667 0.10629629629629629
1 0.6048958333333334 0.0738425925925926 0.09083333333333334 0.1476851851851852
3 0.7925520833333333 0.16314814814814813 0.3363541666666666 0.32629629629629625
1 0.6929427083333334 0.01740740740740741 0.06255208333333333 0.03481481481481482
