1 0.9719010416666667 0.9631944444444445 0.05619791666666667 0.07342592592592592
3 0.9208072916666666 0.7193981481481482 0.15838541666666667 0.49027777777777776
1 0.6706770833333333 0.9030555555555556 0.15395833333333334 0.1938888888888889
1 0.030911458333333332 0.6036574074074075 0.061822916666666665 0.1386111111111111
1 0.396796875 0.1439814814814815 0.08505208333333333 0.12944444444444445
1 0.1911979166666667 0.7828703703703703 0.143125 0.09203703703703704
1 0.4147135416666667 0.49018518518518517 0.14307291666666666 0.3685185185185185
1 0.442265625 0.2323611111111111 0.05640625 0.1325
3 0.5493489583333333 0.09916666666666667 0.37838541666666664 0.19833333333333333
1 0.9166666666666666 0.15708333333333332 0.14666666666666667 0.3060185185185185
1 0.8462239583333333 0.3174074074074074 0.14692708333333335 0.2127777777777778
3 0.9442968749999999 0.4559722222222222 0.07453125 0.08157407407407406
1 0.9545833333333333 0.384074074074074 0.09083333333333334 0.19518518518518518
3 0.7469010416666666 0.5893981481481481 0.17140625 0.285462962962963
