3 0.054661458333333336 0.3945833333333333 0.06171875 0.07083333333333333
1 0.057604166666666665 0.19745370370370371 0.11520833333333333 0.39490740740740743
1 0.14927083333333335 0.33185185185185184 0.21020833333333336 0.277037037037037
1 0.44276041666666666 0.11722222222222221 0.1828125 0.17796296296296296
1 0.4022135416666667 0.26944444444444443 0.31328125 0.26685185185185184
3 0.5380208333333333 0.42421296296296296 0.26645833333333335 0.3363888888888889
3 0.4224739583333334 0.5425 0.30984375 0.5222222222222223
1 0.6510677083333333 0.2900925925925926 0.03359375 0.07055555555555555
1 0.5667447916666667 0.2176851851851852 0.11046874999999999 0.14203703703703704
1 0.38994791666666667 0.8521296296296296 0.0515625 0.15333333333333332
1 0.71375 0.6709259259259259 0.05229166666666667 0.12037037037037036
1 0.070078125 0.5328240740740741 0.14015625 0.22898148148148148
