1 0.5118229166666667 0.85625 0.2111458333333333 0.2875
1 0.6845833333333334 0.8 0.31020833333333336 0.4
1 0.5579947916666667 0.027777777777777776 0.10723958333333333 0.05555555555555555
1 0.07786458333333333 0.14402777777777778 0.15572916666666667 0.28805555555555556
3 0.9178385416666667 0.6177777777777779 0.16432291666666668 0.5424074074074073
1 0.3764583333333333 0.7944444444444444 0.17750000000000002 0.4111111111111111
3 0.208984375 0.33138888888888884 0.23494791666666667 0.3788888888888889
3 0.149375 0.8206018518518519 0.29875 0.3587962962962963
1 0.26244791666666667 0.20083333333333334 0.37677083333333333 0.40166666666666667
1 0.5112239583333333 0.9402314814814814 0.13619791666666667 0.11953703703703702
