1 0.3078385416666667 0.5284722222222222 0.11869791666666667 0.20120370370370372
1 0.35666666666666663 0.7793981481481481 0.04 0.1391666666666667
1 0.3703385416666667 0.8991666666666667 0.05723958333333334 0.17962962962962964
1 0.442109375 0.9480555555555555 0.09973958333333334 0.10388888888888889
1 0.28736979166666665 0.22606481481481483 0.16098958333333335 0.2313888888888889
1 0.03528645833333333 0.24620370370370367 0.07057291666666667 0.3201851851851852
1 0.08414062500000001 0.2051388888888889 0.16828125000000002 0.4102777777777778
1 0.93328125 0.8124074074074074 0.1334375 0.16166666666666665
1 0.859453125 0.09268518518518518 0.24578124999999998 0.18537037037037035
1 0.7398958333333334 0.2821296296296296 0.34291666666666665 0.2759259259259259
1 0.5662760416666667 0.1890740740740741 0.07338541666666668 0.11277777777777777
3 0.5670052083333333 0.11370370370370371 0.03505208333333333 0.08259259259259259
1 0.5583072916666667 0.6075462962962963 0.06734375000000001 0.11527777777777778
1 0.6861458333333332 0.6069907407407407 0.09093749999999999 0.22972222222222222
1 0.4534375 0.8786574074074074 0.1275 0.1399074074074074
1 0.175234375 0.2680092592592592 0.09296875 0.17601851851851852
1 0.661328125 0.7987962962962963 0.07786458333333333 0.16685185185185183
1 0.79625 0.8100925925925927 0.10104166666666667 0.16240740740740742
