1 0.16119791666666666 0.2774537037037037 0.0921875 0.25916666666666666
0 0.7145312500000001 0.3675925925925926 0.18583333333333335 0.3090740740740741
1 0.759765625 0.2557407407407407 0.03328125 0.11222222222222222
1 0.522890625 0.15921296296296295 0.08067708333333333 0.15527777777777776
3 0.11848958333333333 0.6299074074074074 0.23697916666666666 0.4053703703703704
3 0.2869791666666667 0.7430092592592593 0.09468750000000001 0.20453703703703704
1 0.21981770833333333 0.567037037037037 0.08536458333333334 0.19333333333333336
1 0.09289062499999999 0.4325925925925926 0.18578124999999998 0.19481481481481483
3 0.5460416666666668 0.37333333333333335 0.11697916666666666 0.2974074074074074
1 0.6045572916666667 0.7513425925925926 0.21338541666666666 0.3028703703703704
1 0.7283072916666667 0.8863425925925926 0.26005208333333335 0.2273148148148148
1 0.622578125 0.3075925925925926 0.056093750000000005 0.13425925925925927
1 0.8632552083333334 0.3493981481481482 0.11776041666666666 0.1886111111111111
