1 0.17924479166666665 0.510787037037037 0.10692708333333334 0.2828703703703704
1 0.091640625 0.8546759259259259 0.04911458333333333 0.059722222222222225
1 0.8441145833333333 0.20212962962962963 0.11708333333333334 0.40425925925925926
3 0.7397916666666667 0.9547685185185184 0.18489583333333334 0.09046296296296297
3 0.16450520833333335 0.9093981481481481 0.14848958333333334 0.1812037037037037
1 0.047552083333333335 0.9420833333333333 0.09510416666666667 0.11583333333333333
3 0.8233333333333335 0.8397222222222221 0.3259375 0.32055555555555554
1 0.7565885416666667 0.27337962962962964 0.23588541666666665 0.44046296296296295
1 0.32776041666666667 0.6656944444444445 0.2876041666666667 0.4452777777777778
1 0.06565104166666666 0.17685185185185184 0.13130208333333332 0.3277777777777778
