1 0.10244791666666667 0.1678703703703704 0.20489583333333333 0.3357407407407408
1 0.25263020833333333 0.8198611111111112 0.07380208333333332 0.2162037037037037
1 0.473203125 0.5344444444444445 0.06567708333333333 0.20555555555555555
1 0.099375 0.658425925925926 0.08989583333333333 0.19574074074074074
1 0.11572916666666667 0.8552777777777778 0.13833333333333334 0.1527777777777778
1 0.4766145833333333 0.4708796296296296 0.070625 0.11046296296296296
1 0.217265625 0.2826388888888889 0.07828125000000001 0.1549074074074074
1 0.39934895833333334 0.3065277777777778 0.13328125 0.19768518518518519
1 0.3912760416666667 0.7816666666666667 0.10776041666666666 0.21407407407407406
1 0.96234375 0.7843518518518519 0.07531249999999999 0.2612962962962963
3 0.7115624999999999 0.6616203703703704 0.34312499999999996 0.5721296296296297
0 0.6425 0.52125 0.09333333333333332 0.13898148148148148
