3 0.014609375 0.5614814814814815 0.02921875 0.11222222222222222
1 0.95875 0.7346296296296297 0.08260416666666666 0.15037037037037038
1 0.2914322916666667 0.9247222222222221 0.055156250000000004 0.15055555555555555
3 0.09794270833333334 0.70125 0.10963541666666667 0.05805555555555556
3 0.03924479166666666 0.8087500000000001 0.07848958333333332 0.29527777777777775
1 0.11281250000000001 0.7905555555555556 0.17072916666666668 0.21555555555555556
1 0.6477604166666667 0.4928240740740741 0.24791666666666667 0.3976851851851852
3 0.9146874999999999 0.020925925925925928 0.019375 0.041851851851851855
3 0.135234375 0.5668518518518518 0.14973958333333334 0.09592592592592591
3 0.7349479166666666 0.14078703703703704 0.18989583333333335 0.2815740740740741
0 0.4279166666666666 0.22935185185185183 0.15489583333333332 0.1425925925925926
