3 0.3218229166666667 0.6962037037037037 0.18135416666666665 0.2675925925925926
1 0.5983333333333334 0.7253703703703704 0.0915625 0.3698148148148148
3 0.153828125 0.372962962962963 0.13338541666666667 0.2801851851851852
1 0.04130208333333333 0.38347222222222227 0.08260416666666666 0.0700925925925926
0 0.142421875 0.11861111111111111 0.21390625 0.23722222222222222
1 0.5164583333333334 0.07861111111111112 0.11114583333333333 0.15722222222222224
3 0.6390885416666666 0.6247222222222223 0.07276041666666666 0.1975925925925926
1 0.2415625 0.7174074074074074 0.08625 0.34425925925925926
1 0.9509635416666667 0.1049537037037037 0.09807291666666668 0.2099074074074074
1 0.6927864583333334 0.7953240740740741 0.20755208333333333 0.3360185185185185
2 0.9272395833333333 0.42819444444444443 0.05541666666666667 0.11287037037037037
