1 0.36455729166666667 0.660324074074074 0.20921874999999998 0.4115740740740741
1 0.5928125000000001 0.597824074074074 0.12718749999999998 0.16268518518518518
1 0.9647916666666666 0.850787037037037 0.07041666666666666 0.1899074074074074
1 0.8457812499999999 0.3913425925925926 0.06677083333333332 0.07916666666666666
1 0.912265625 0.7458796296296296 0.09296875 0.10231481481481482
1 0.9769010416666666 0.13999999999999999 0.046197916666666665 0.0374074074074074
1 0.7411458333333333 0.26069444444444445 0.22729166666666664 0.3437962962962963
3 0.05231770833333334 0.68375 0.07526041666666666 0.11583333333333333
3 0.08640625 0.8389351851851852 0.1728125 0.3221296296296296
1 0.6122135416666666 0.6694907407407408 0.12713541666666667 0.1886111111111111
3 0.32028645833333336 0.7236111111111111 0.3024479166666667 0.3824074074074074
3 0.8788541666666666 0.32208333333333333 0.09385416666666666 0.21657407407407409
1 0.14908854166666666 0.5568518518518518 0.21317708333333335 0.26407407407407407
