1 0.9258072916666666 0.2475 0.14838541666666666 0.2162962962962963
1 0.94375 0.8141666666666666 0.1125 0.24962962962962965
1 0.6252864583333333 0.07837962962962963 0.13994791666666667 0.15675925925925926
3 0.26763020833333334 0.6743518518518518 0.10140624999999999 0.19407407407407407
3 0.519296875 0.8107407407407408 0.13286458333333334 0.23981481481481481
1 0.06981770833333334 0.11662037037037037 0.13963541666666668 0.23324074074074075
1 0.17151041666666667 0.41976851851851854 0.34302083333333333 0.6491666666666667
3 0.30765625 0.2273148148148148 0.07989583333333333 0.155
1 0.36973958333333334 0.3051851851851852 0.1546875 0.3774074074074074
3 0.7379166666666667 0.7077777777777777 0.140625 0.20907407407407408
