1 0.8803125 0.5135185185185185 0.239375 0.24814814814814815
1 0.8559635416666665 0.7290277777777777 0.26682291666666663 0.3149074074074074
1 0.3122135416666667 0.47476851851851853 0.11421875000000001 0.1678703703703704
3 0.4927604166666667 0.9486111111111111 0.048125 0.10277777777777777
1 0.7413541666666666 0.19064814814814815 0.11729166666666666 0.23555555555555557
0 0.17755208333333333 0.5053240740740741 0.15031250000000002 0.35305555555555557
3 0.42153645833333336 0.6334722222222222 0.14296875 0.21231481481481482
1 0.040390625 0.7012499999999999 0.08078125 0.3630555555555556
3 0.9202604166666666 0.41412037037037036 0.15947916666666667 0.1787962962962963
1 0.8036979166666666 0.3182407407407407 0.1459375 0.18203703703703702
3 0.352734375 0.8870370370370371 0.19057291666666665 0.22592592592592592
1 0.10877604166666668 0.1875462962962963 0.061927083333333334 0.10490740740740741
1 0.11033854166666668 0.8082407407407407 0.16786458333333334 0.3474074074074074
