3 0.44192708333333336 0.39134259259259263 0.08333333333333333 0.23527777777777778
1 0.347734375 0.22666666666666668 0.17723958333333334 0.362962962962963
1 0.054375 0.575138888888889 0.10875 0.1526851851851852
1 0.22479166666666667 0.5881944444444445 0.15458333333333335 0.2662037037037037
1 0.934296875 0.7800462962962963 0.13140625 0.4399074074074074
1 0.917421875 0.2768055555555555 0.14015625 0.1713888888888889
1 0.765625 0.9155092592592593 0.07614583333333333 0.13157407407407407
3 0.7751822916666666 0.35638888888888887 0.12578125 0.2874074074074074
1 0.515625 0.5734722222222223 0.05302083333333333 0.06435185185185185
1 0.7269791666666666 0.5233796296296296 0.06145833333333333 0.04638888888888889
