1 0.8995572916666668 0.903287037037037 0.18015625 0.19342592592592592
1 0.7609895833333334 0.5364814814814816 0.03270833333333333 0.06240740740740741
1 0.8337239583333333 0.5354629629629629 0.08963541666666666 0.13907407407407407
3 0.72765625 0.4647685185185186 0.12135416666666667 0.20583333333333334
2 0.7835677083333333 0.5648148148148148 0.04796875 0.11407407407407408
1 0.9750520833333334 0.8538888888888889 0.049895833333333334 0.15592592592592594
1 0.8961979166666667 0.6512037037037036 0.19145833333333334 0.33314814814814814
1 0.0484375 0.8923611111111112 0.096875 0.18231481481481482
1 0.06611979166666666 0.6368518518518518 0.13223958333333333 0.3627777777777778
1 0.37302083333333336 0.9450925925925925 0.2753125 0.10981481481481481
1 0.185 0.17064814814814816 0.2515625 0.3412962962962963
1 0.3438802083333333 0.290462962962963 0.13807291666666668 0.21925925925925926
