1 0.36403645833333337 0.3049537037037037 0.062239583333333334 0.06453703703703705
1 0.8590885416666667 0.2633333333333333 0.12880208333333334 0.21888888888888888
1 0.6094791666666667 0.2885648148148148 0.16697916666666668 0.27990740740740744
1 0.09098958333333333 0.4652777777777778 0.07041666666666666 0.07222222222222222
1 0.39453125 0.6338888888888888 0.10656249999999999 0.30037037037037034
1 0.590703125 0.5599074074074074 0.13244791666666667 0.4103703703703704
1 0.7545572916666666 0.3937962962962963 0.15713541666666667 0.20185185185185187
1 0.48666666666666664 0.4325925925925926 0.13020833333333334 0.31074074074074076
1 0.011119791666666667 0.300462962962963 0.022239583333333333 0.2551851851851852
1 0.8224739583333334 0.3047222222222222 0.09598958333333334 0.17814814814814817
1 0.06208333333333334 0.6877314814814814 0.12416666666666668 0.429537037037037
