1 0.077890625 0.5831481481481481 0.15578125 0.20444444444444446
1 0.5990104166666667 0.8219444444444445 0.07239583333333334 0.23425925925925925
1 0.04567708333333333 0.36662037037037043 0.09135416666666667 0.16046296296296297
3 0.2750520833333333 0.6252314814814814 0.18875 0.37287037037037035
1 0.8878125000000001 0.5035648148148149 0.09625 0.25787037037037036
1 0.56109375 0.36879629629629623 0.09697916666666666 0.315
1 0.499375 0.2632407407407408 0.027291666666666665 0.03148148148148148
1 0.5381770833333334 0.17625 0.084375 0.11046296296296296
1 0.733828125 0.18203703703703702 0.23380208333333333 0.2024074074074074
1 0.9643750000000001 0.5300462962962963 0.07125000000000001 0.3876851851851852
1 0.49361979166666664 0.42874999999999996 0.05286458333333333 0.14101851851851852
1 0.8316927083333333 0.8437037037037037 0.14536458333333335 0.19074074074074074
1 0.9507552083333334 0.8004166666666667 0.09713541666666667 0.11898148148148148
3 0.318359375 0.3352314814814815 0.23109375 0.3337962962962963
