1 0.110703125 0.28726851851851853 0.22140625 0.24157407407407405
1 0.8639583333333334 0.9708796296296296 0.11447916666666667 0.05824074074074074
1 0.20265625 0.8390277777777777 0.1003125 0.18398148148148147
1 0.9283072916666667 0.6126851851851852 0.14338541666666668 0.49666666666666665
1 0.6993489583333333 0.6707407407407407 0.14963541666666666 0.25296296296296295
1 0.08994791666666666 0.6064814814814815 0.1609375 0.15648148148148147
0 0.5472135416666667 0.08583333333333333 0.12046875 0.17166666666666666
1 0.56890625 0.8600925925925926 0.17458333333333334 0.2448148148148148
1 0.301640625 0.22300925925925924 0.09598958333333334 0.3573148148148148
3 0.7742708333333332 0.1998611111111111 0.359375 0.3997222222222222
1 0.41856770833333334 0.010925925925925926 0.046614583333333334 0.02185185185185185
3 0.3490104166666666 0.6055092592592592 0.15031250000000002 0.3343518518518519
1 0.06674479166666666 0.1436111111111111 0.13348958333333333 0.11944444444444445
1 0.07760416666666667 0.39875 0.15520833333333334 0.28675925925925927
1 0.6184114583333333 0.5827777777777777 0.21848958333333332 0.2761111111111111
1 0.970859375 0.30027777777777775 0.05828125 0.265
