3 0.12893229166666667 0.3710648148148148 0.25786458333333334 0.4587962962962963
1 0.5903125 0.07694444444444444 0.18531250000000002 0.15388888888888888
1 0.9159114583333333 0.18453703703703705 0.1681770833333333 0.3690740740740741
3 0.86765625 0.6865277777777778 0.09395833333333334 0.22453703703703703
1 0.640546875 0.49611111111111106 0.21067708333333332 0.25037037037037035
1 0.6991666666666666 0.6806481481481482 0.14875000000000002 0.20500000000000002
1 0.841015625 0.34101851851851855 0.19963541666666668 0.19685185185185183
1 0.5838281249999999 0.8552777777777778 0.02484375 0.06888888888888889
1 0.6397916666666668 0.7768055555555556 0.12083333333333333 0.07916666666666666
3 0.347421875 0.12143518518518519 0.16671875 0.24287037037037038
1 0.9574739583333334 0.8379166666666666 0.08505208333333333 0.29935185185185187
1 0.820546875 0.9064814814814814 0.09859375000000001 0.18703703703703703
1 0.030000000000000002 0.4346759259259259 0.060000000000000005 0.19083333333333333
