1 0.446171875 0.8940277777777778 0.08880208333333334 0.20027777777777778
3 0.0325 0.4655555555555555 0.065 0.18537037037037035
1 0.05736979166666667 0.5361574074074074 0.11473958333333334 0.1713888888888889
3 0.16447916666666668 0.6931018518518518 0.32895833333333335 0.6137962962962963
1 0.5542447916666667 0.44949074074074075 0.10619791666666667 0.10564814814814814
1 0.434453125 0.39152777777777775 0.038697916666666665 0.06564814814814815
0 0.8790364583333333 0.7937962962962962 0.12328125 0.1024074074074074
1 0.3396354166666667 0.3731018518518519 0.030729166666666665 0.0987962962962963
2 0.4002864583333333 0.3255092592592593 0.06994791666666668 0.20916666666666667
3 0.6299739583333334 0.06416666666666666 0.11921875 0.12833333333333333
