1 0.8016666666666666 0.9261574074074074 0.08729166666666667 0.1476851851851852
1 0.05234375 0.60375 0.1046875 0.3384259259259259
1 0.09463541666666667 0.8503703703703703 0.18927083333333333 0.2992592592592592
3 0.68375 0.7396296296296296 0.2278125 0.5207407407407407
3 0.8990104166666667 0.9217592592592593 0.14364583333333333 0.15648148148148147
1 0.9652604166666666 0.7122685185185185 0.06947916666666668 0.28824074074074074
3 0.7246875 0.38828703703703704 0.16770833333333332 0.16435185185185186
3 0.593203125 0.3609259259259259 0.08796875 0.1137037037037037
1 0.766171875 0.2490740740740741 0.26046875 0.28111111111111114
1 0.30309895833333333 0.5321759259259259 0.038385416666666665 0.03324074074074074
1 0.36875 0.5389351851851851 0.0353125 0.050277777777777775
1 0.2672916666666667 0.5065277777777777 0.03739583333333333 0.043055555555555555
1 0.09372395833333333 0.11694444444444445 0.18744791666666666 0.2338888888888889
3 0.12221354166666666 0.31805555555555554 0.14098958333333333 0.20444444444444446
1 0.08377604166666666 0.4325 0.13588541666666665 0.2738888888888889
1 0.12794270833333332 0.5146296296296295 0.10109375 0.24796296296296297
