3 0.4546875 0.3314814814814815 0.21302083333333333 0.1488888888888889
1 0.99 0.6383333333333333 0.02 0.0961111111111111
1 0.9684635416666667 0.2100462962962963 0.06307291666666666 0.2523148148148148
1 0.18799479166666666 0.15703703703703703 0.24203125 0.31407407407407406
1 0.7291666666666666 0.41944444444444445 0.30791666666666667 0.4344444444444444
1 0.8731510416666667 0.5642592592592592 0.12734375 0.19203703703703703
1 0.969453125 0.5031944444444445 0.061093749999999995 0.0912037037037037
3 0.659375 0.8144444444444444 0.19760416666666666 0.25537037037037036
1 0.47635416666666663 0.5609722222222222 0.15708333333333335 0.18231481481481482
3 0.13255208333333332 0.6864351851851851 0.25864583333333335 0.5289814814814814
1 0.46169270833333337 0.7596296296296297 0.25005208333333334 0.4807407407407408
