1 0.14192708333333334 0.07856481481481481 0.2838541666666667 0.15712962962962962
3 0.30348958333333337 0.47638888888888886 0.23052083333333334 0.41962962962962963
0 0.19924479166666667 0.16837962962962966 0.12369791666666667 0.14101851851851852
1 0.2159375 0.7138888888888889 0.13364583333333335 0.31925925925925924
3 0.09989583333333334 0.4801851851851851 0.09427083333333333 0.255
1 0.062031249999999996 0.5428240740740741 0.12406249999999999 0.26805555555555555
1 0.2627864583333333 0.8413425925925926 0.13765625 0.3173148148148148
1 0.24666666666666667 0.602962962962963 0.0453125 0.04537037037037037
1 0.16528645833333336 0.5644907407407407 0.07598958333333333 0.3471296296296296
1 0.13018229166666667 0.394212962962963 0.06796875 0.23787037037037034
1 0.9709375 0.8711574074074074 0.058124999999999996 0.1387962962962963
