3 0.84484375 0.6503703703703705 0.3103125 0.6992592592592592
1 0.7686979166666668 0.15546296296296297 0.37177083333333333 0.31092592592592594
1 0.12658854166666667 0.9031944444444444 0.13223958333333333 0.1936111111111111
1 0.08463541666666667 0.17550925925925928 0.1190625 0.1549074074074074
1 0.5623437499999999 0.7083796296296296 0.3285416666666666 0.49898148148148147
1 0.17580729166666664 0.125 0.19828125 0.25
1 0.5530208333333333 0.2760185185185185 0.07979166666666666 0.07722222222222223
1 0.38815104166666664 0.22189814814814815 0.12796875 0.2252777777777778
3 0.4700520833333333 0.8395370370370371 0.28500000000000003 0.32092592592592595
1 0.2758333333333333 0.7445370370370371 0.13739583333333333 0.12037037037037036
