2 0.5125520833333334 0.04805555555555555 0.06145833333333333 0.0961111111111111
1 0.11166666666666666 0.5723611111111111 0.22333333333333333 0.3539814814814815
0 0.8154427083333334 0.14078703703703704 0.19296875 0.2815740740740741
1 0.3009114583333333 0.3363425925925926 0.16682291666666668 0.24249999999999997
1 0.6916145833333334 0.5638425925925925 0.03635416666666667 0.06953703703703704
1 0.039036458333333336 0.28541666666666665 0.07807291666666667 0.20472222222222222
3 0.8854427083333333 0.33990740740740744 0.05859375 0.11222222222222222
1 0.9658333333333332 0.6472685185185186 0.06833333333333333 0.18305555555555555
0 0.6169791666666667 0.9317592592592593 0.10437500000000001 0.13648148148148148
3 0.8596875 0.4631018518518518 0.13822916666666665 0.14527777777777778
1 0.7316666666666667 0.4228240740740741 0.101875 0.06657407407407408
3 0.2711979166666667 0.10574074074074075 0.22729166666666664 0.2114814814814815
1 0.15658854166666666 0.33393518518518517 0.20307291666666666 0.32546296296296295
1 0.03114583333333333 0.8267129629629629 0.06229166666666666 0.3119444444444444
1 0.5975260416666667 0.7164814814814814 0.047343750000000004 0.30185185185185187
