1 0.911875 0.2500462962962963 0.17625 0.3358333333333333
1 0.5910416666666668 0.09796296296296296 0.10666666666666667 0.18833333333333332
1 0.7153124999999999 0.3644907407407407 0.09145833333333334 0.2100925925925926
1 0.5410937499999999 0.5270833333333333 0.14489583333333333 0.2608333333333333
1 0.7487760416666667 0.6506481481481482 0.10151041666666667 0.17148148148148148
1 0.24510416666666668 0.9084722222222222 0.07958333333333334 0.18305555555555555
1 0.25645833333333334 0.7485185185185185 0.02645833333333333 0.08888888888888889
1 0.7511979166666668 0.9097222222222222 0.18791666666666668 0.18055555555555555
3 0.8193229166666668 0.8162037037037037 0.10145833333333334 0.1935185185185185
2 0.2865625 0.2533796296296296 0.043333333333333335 0.0763888888888889
1 0.26968749999999997 0.620324074074074 0.052187500000000005 0.1900925925925926
1 0.04359375 0.6394907407407407 0.0871875 0.19583333333333333
