1 0.676015625 0.10578703703703704 0.27817708333333335 0.21157407407407408
3 0.9093489583333334 0.5128703703703703 0.18130208333333334 0.3951851851851852
0 0.7370572916666666 0.19726851851851854 0.10661458333333333 0.15675925925925926
1 0.8630989583333333 0.7377314814814815 0.11932291666666667 0.2986111111111111
1 0.4734375 0.6997222222222221 0.08104166666666666 0.12296296296296297
3 0.7102343750000001 0.49129629629629634 0.10119791666666668 0.25833333333333336
1 0.645078125 0.5525925925925925 0.18640625 0.27037037037037037
1 0.9048697916666667 0.8522685185185186 0.10255208333333334 0.295462962962963
1 0.898671875 0.6351388888888889 0.022447916666666668 0.026574074074074073
1 0.8014062499999999 0.5654629629629631 0.08864583333333333 0.2924074074074074
1 0.7148958333333334 0.41606481481481483 0.1059375 0.23249999999999998
1 0.6711197916666667 0.4151851851851852 0.02296875 0.04462962962962963
1 0.08187499999999999 0.9620833333333333 0.04572916666666667 0.07583333333333334
