1 0.11125000000000002 0.794212962962963 0.1278125 0.4041666666666667
3 0.6901302083333333 0.7725925925925926 0.10651041666666666 0.2537037037037037
1 0.8237500000000001 0.7193981481481482 0.07645833333333334 0.13287037037037036
1 0.37765625 0.8538888888888888 0.07072916666666668 0.20055555555555554
3 0.9293489583333333 0.71375 0.10453124999999999 0.2063888888888889
3 0.031197916666666665 0.14578703703703702 0.06239583333333333 0.29157407407407404
1 0.05520833333333333 0.3241666666666667 0.11041666666666666 0.18037037037037038
3 0.46098958333333334 0.1859722222222222 0.2384375 0.3719444444444444
3 0.25872395833333334 0.2534259259259259 0.23109375 0.5068518518518518
3 0.7461197916666666 0.11027777777777777 0.025260416666666667 0.07611111111111112
3 0.6465364583333333 0.13277777777777777 0.16598958333333333 0.26555555555555554
3 0.0646875 0.48648148148148146 0.129375 0.37333333333333335
3 0.15138020833333332 0.35268518518518516 0.19567708333333333 0.31037037037037035
1 0.7285677083333334 0.4586574074074074 0.23536458333333332 0.20046296296296295
3 0.45447916666666666 0.9545833333333333 0.06375 0.09083333333333332
1 0.588671875 0.4268055555555556 0.10609375 0.15898148148148147
