1 0.9345052083333333 0.7203240740740741 0.13098958333333333 0.09731481481481481
1 0.2940625 0.6911111111111111 0.051250000000000004 0.12555555555555556
3 0.16007812500000002 0.8278703703703704 0.22984375 0.23981481481481481
1 0.5504687500000001 0.7874537037037037 0.1665625 0.42509259259259263
1 0.5587760416666666 0.6166203703703703 0.06171875 0.0725
1 0.6433072916666667 0.5055092592592593 0.08796875 0.17212962962962963
1 0.11565104166666666 0.6661111111111111 0.18067708333333332 0.3335185185185185
0 0.8447395833333334 0.6734722222222222 0.27781249999999996 0.2900925925925926
1 0.9461979166666666 0.20416666666666666 0.10760416666666667 0.4083333333333333
1 0.7964583333333333 0.7951851851851852 0.043854166666666666 0.039074074074074074
