1 0.9188541666666666 0.5930092592592592 0.07437500000000001 0.1826851851851852
1 0.9621354166666667 0.6490277777777779 0.07572916666666667 0.2676851851851852
0 0.20432291666666666 0.2661111111111111 0.20135416666666667 0.31685185185185183
1 0.26492187500000003 0.9023148148148148 0.10109375 0.19537037037037036
1 0.03393229166666667 0.8338888888888889 0.06786458333333334 0.0962962962962963
1 0.04263020833333333 0.11162037037037038 0.08526041666666666 0.1813888888888889
1 0.11955729166666668 0.9069444444444444 0.23911458333333335 0.18611111111111112
3 0.8510937500000001 0.6940277777777777 0.145 0.3086111111111111
3 0.66875 0.580925925925926 0.26416666666666666 0.8381481481481482
1 0.8669010416666667 0.3166203703703704 0.08244791666666668 0.24694444444444444
1 0.42580729166666664 0.34782407407407406 0.07473958333333333 0.17212962962962963
1 0.9221614583333334 0.22935185185185183 0.04911458333333333 0.09351851851851851
1 0.8529427083333333 0.48995370370370367 0.17401041666666667 0.15694444444444444
