1 0.8451041666666667 0.23226851851851854 0.14302083333333335 0.16101851851851853
1 0.09377604166666667 0.16754629629629628 0.13307291666666668 0.1887962962962963
1 0.9851822916666666 0.8360648148148148 0.02921875 0.12805555555555556
1 0.03705729166666667 0.5095833333333334 0.07411458333333334 0.27564814814814814
1 0.7241145833333333 0.4744444444444445 0.3154166666666667 0.5011111111111112
1 0.5239583333333333 0.46638888888888885 0.08 0.13796296296296295
1 0.6385416666666667 0.8215277777777777 0.2253125 0.35694444444444445
1 0.9136458333333334 0.13962962962962963 0.17270833333333335 0.27925925925925926
1 0.53765625 0.904212962962963 0.07302083333333333 0.1915740740740741
1 0.8590625000000001 0.493287037037037 0.278125 0.46953703703703703
1 0.9863541666666666 0.22722222222222221 0.027291666666666665 0.1388888888888889
