3 0.6061458333333333 0.14300925925925925 0.13385416666666666 0.2362037037037037
1 0.369375 0.3082870370370371 0.16624999999999998 0.2076851851851852
3 0.64984375 0.3812962962962963 0.14239583333333333 0.16574074074074074
1 0.6598177083333333 0.33625 0.23859375000000002 0.25361111111111106
1 0.291875 0.11203703703703703 0.21552083333333333 0.22407407407407406
1 0.08604166666666666 0.18652777777777776 0.10354166666666667 0.2373148148148148
1 0.8734375 0.9503703703703702 0.11031250000000001 0.09925925925925926
1 0.9008333333333334 0.7102777777777778 0.05614583333333333 0.13537037037037036
3 0.65375 0.22361111111111112 0.0540625 0.21944444444444444
3 0.6973958333333333 0.6738888888888889 0.13822916666666665 0.6522222222222221
