3 0.9223177083333333 0.6148611111111111 0.15526041666666668 0.29324074074074075
1 0.9554166666666666 0.4551388888888889 0.08916666666666666 0.06731481481481481
1 0.090546875 0.20203703703703704 0.18109375 0.4033333333333334
3 0.741640625 0.4735648148148148 0.15963541666666667 0.2702777777777778
1 0.37916666666666665 0.08259259259259259 0.33645833333333336 0.16518518518518518
1 0.6865364583333332 0.2632407407407408 0.08838541666666666 0.18462962962962964
0 0.851796875 0.14208333333333334 0.11213541666666667 0.22898148148148148
1 0.38570312500000004 0.578287037037037 0.04994791666666667 0.08731481481481482
1 0.026692708333333332 0.08828703703703702 0.053385416666666664 0.17657407407407405
3 0.09080729166666666 0.09055555555555556 0.11515625 0.1811111111111111
