1 0.8027604166666666 0.6789814814814814 0.123125 0.28314814814814815
2 0.6516666666666666 0.8829166666666666 0.13083333333333333 0.21953703703703703
1 0.5067447916666666 0.07148148148148148 0.09171875 0.14296296296296296
1 0.37 0.31462962962962965 0.2423958333333333 0.3648148148148148
1 0.008489583333333333 0.5315277777777777 0.016979166666666667 0.05861111111111111
1 0.051354166666666666 0.23736111111111113 0.07260416666666666 0.06546296296296296
1 0.20427083333333332 0.7359259259259259 0.20802083333333332 0.5281481481481481
1 0.920078125 0.5167592592592593 0.15984374999999998 0.38907407407407407
1 0.03997395833333333 0.7290277777777777 0.07994791666666666 0.18712962962962962
1 0.103828125 0.6987037037037036 0.13848958333333333 0.3225925925925926
1 0.06802083333333334 0.5891666666666666 0.13604166666666667 0.28648148148148145
1 0.8084114583333334 0.8901388888888889 0.06692708333333333 0.11694444444444445
