2 0.048046875 0.4666666666666667 0.09609375 0.12518518518518518
1 0.012239583333333333 0.5957870370370371 0.024479166666666666 0.10601851851851851
1 0.28005208333333337 0.8148148148148148 0.13552083333333334 0.2724074074074074
1 0.10419270833333334 0.6580092592592592 0.20838541666666668 0.2891666666666667
1 0.114609375 0.8099537037037037 0.04119791666666666 0.023055555555555555
1 0.049140625 0.8150462962962963 0.09828125 0.1686111111111111
3 0.09315104166666668 0.4187962962962963 0.06869791666666666 0.17981481481481482
3 0.0378125 0.5624537037037037 0.075625 0.21268518518518517
3 0.029296875 0.45999999999999996 0.05859375 0.12203703703703704
3 0.8171614583333332 0.5137037037037037 0.17380208333333333 0.21851851851851853
