1 0.06424479166666666 0.36671296296296296 0.12848958333333332 0.1337962962962963
3 0.7909375 0.7635648148148148 0.26645833333333335 0.17064814814814816
1 0.2853645833333333 0.2563425925925926 0.1955208333333333 0.32601851851851854
1 0.144921875 0.5221296296296296 0.11265625 0.18407407407407408
1 0.06322916666666667 0.5382407407407407 0.12645833333333334 0.26314814814814813
3 0.417109375 0.3485185185185185 0.10338541666666666 0.4311111111111111
3 0.5095833333333333 0.2997222222222223 0.1034375 0.3894444444444445
3 0.4079166666666667 0.46523148148148147 0.15708333333333335 0.3434259259259259
3 0.48726562500000004 0.8489814814814814 0.07338541666666668 0.0862962962962963
1 0.22143229166666664 0.857824074074074 0.11276041666666667 0.2075
1 0.6371614583333333 0.1325925925925926 0.17630208333333333 0.2651851851851852
1 0.8803385416666667 0.5489814814814815 0.23932291666666666 0.3637037037037037
3 0.9318229166666666 0.4973148148148148 0.09822916666666666 0.05388888888888889
