3 0.07841145833333334 0.602824074074074 0.15682291666666667 0.4437962962962963
1 0.9461197916666666 0.8975462962962963 0.10776041666666666 0.20490740740740743
1 0.2815364583333333 0.6477314814814814 0.12328125 0.16712962962962963
1 0.026171875 0.07675925925925926 0.05234375 0.15351851851851853
3 0.9197916666666667 0.13282407407407407 0.16041666666666668 0.26564814814814813
1 0.6746875 0.1575925925925926 0.19322916666666667 0.3151851851851852
3 0.235078125 0.523888888888889 0.09588541666666667 0.1688888888888889
3 0.8245572916666667 0.0662962962962963 0.19182291666666668 0.1325925925925926
1 0.13903645833333333 0.5021296296296296 0.27807291666666667 0.39333333333333337
1 0.6036197916666667 0.5626388888888889 0.26869791666666665 0.4230555555555555
1 0.7851822916666666 0.36837962962962967 0.13994791666666667 0.5936111111111111
