3 0.025989583333333333 0.5143055555555556 0.05197916666666667 0.24953703703703703
1 0.30140625000000004 0.7502777777777777 0.1115625 0.195
1 0.4531770833333333 0.7639351851851851 0.29552083333333334 0.4721296296296296
1 0.9548697916666667 0.41944444444444445 0.09026041666666668 0.31055555555555553
1 0.8518489583333333 0.37828703703703703 0.20838541666666668 0.4976851851851852
1 0.74828125 0.5559722222222222 0.08208333333333333 0.16305555555555554
1 0.597734375 0.618287037037037 0.1833854166666667 0.2599074074074074
1 0.6751302083333334 0.8700925925925926 0.19109374999999998 0.25981481481481483
1 0.5076302083333333 0.2673148148148148 0.12796875 0.32851851851851854
1 0.3795833333333334 0.3681944444444445 0.17302083333333332 0.1676851851851852
1 0.4936458333333334 0.5069907407407407 0.03916666666666667 0.12046296296296295
