3 0.8655729166666667 0.7621759259259259 0.042083333333333334 0.09268518518518518
1 0.6629427083333334 0.6775 0.15203124999999998 0.2124074074074074
3 0.4061197916666667 0.8583333333333333 0.17005208333333333 0.2833333333333333
3 0.3695833333333333 0.6581944444444444 0.19322916666666667 0.20898148148148146
1 0.25807291666666665 0.7912962962962963 0.2689583333333333 0.3788888888888889
1 0.048125 0.475138888888889 0.09625 0.3667592592592593
1 0.198359375 0.26939814814814816 0.2794270833333333 0.5387962962962963
3 0.1674739583333333 0.8931481481481481 0.16192708333333333 0.2137037037037037
3 0.8650260416666667 0.9742129629629629 0.03380208333333334 0.05157407407407408
3 0.7441927083333334 0.9730555555555555 0.04234375 0.05388888888888889
