3 0.7809114583333333 0.29587962962962966 0.17140625 0.2750925925925926
1 0.8902864583333333 0.6238425925925926 0.14515625 0.24379629629629632
3 0.6811458333333333 0.18782407407407406 0.1909375 0.36657407407407405
3 0.43463541666666666 0.475462962962963 0.2171875 0.5987037037037037
3 0.15484375 0.3000462962962963 0.3096875 0.6000925925925926
1 0.08369791666666666 0.7050925925925926 0.16739583333333333 0.4305555555555556
1 0.15390625 0.923287037037037 0.201875 0.1534259259259259
1 0.028151041666666664 0.966064814814815 0.05630208333333333 0.06787037037037037
1 0.019609375 0.4357407407407407 0.03921875 0.11185185185185186
1 0.24338541666666666 0.6740277777777777 0.09239583333333333 0.11694444444444445
1 0.20890625000000002 0.46606481481481477 0.09364583333333334 0.16842592592592592
1 0.8745572916666667 0.4201388888888889 0.10255208333333334 0.15583333333333335
