1 0.8892968749999999 0.4068981481481481 0.12588541666666667 0.16435185185185186
3 0.5690104166666666 0.2823148148148148 0.16822916666666668 0.29500000000000004
1 0.6719010416666668 0.6530555555555555 0.13869791666666667 0.32203703703703707
3 0.4776302083333333 0.1821296296296296 0.20203125 0.3642592592592592
3 0.20476562499999998 0.5025000000000001 0.20609375 0.6611111111111111
3 0.041171875 0.15689814814814815 0.08234375 0.2312037037037037
1 0.9910937499999999 0.5728703703703704 0.017812500000000002 0.07611111111111112
1 0.03578125 0.6729166666666667 0.0715625 0.10768518518518519
1 0.007942708333333333 0.4601851851851852 0.015885416666666666 0.1025925925925926
1 0.6692447916666667 0.4087037037037037 0.09869791666666666 0.16944444444444445
