3 0.9371354166666667 0.7565277777777778 0.03666666666666667 0.09064814814814816
1 0.7344791666666666 0.6805555555555556 0.15062499999999998 0.2137037037037037
3 0.48723958333333334 0.8610648148148149 0.16041666666666668 0.2778703703703704
3 0.46257812500000006 0.6574537037037037 0.17401041666666667 0.2075
1 0.3401302083333333 0.7932870370370371 0.28671875 0.37824074074074077
1 0.10026041666666667 0.5066203703703703 0.16583333333333333 0.4110185185185185
1 0.27458333333333335 0.2722685185185185 0.27166666666666667 0.544537037037037
3 0.018802083333333334 0.175 0.03760416666666667 0.297962962962963
3 0.24554687500000003 0.8763425925925926 0.17432291666666666 0.24731481481481485
3 0.9375781249999999 0.9761574074074074 0.03109375 0.047685185185185185
3 0.8151562499999999 0.9734259259259259 0.041666666666666664 0.053148148148148146
