1 0.2659375 0.7718518518518519 0.14791666666666667 0.21981481481481482
3 0.4049479166666667 0.7006481481481481 0.17072916666666668 0.25074074074074076
3 0.8840364583333334 0.8598148148148148 0.19651041666666666 0.2803703703703704
1 0.9480208333333333 0.4752314814814815 0.10395833333333333 0.3502777777777778
1 0.71328125 0.10060185185185186 0.13302083333333334 0.20120370370370372
1 0.5413802083333333 0.47527777777777774 0.26223958333333336 0.4212962962962963
1 0.33322916666666663 0.695787037037037 0.042499999999999996 0.08324074074074074
1 0.275703125 0.6020833333333333 0.03369791666666667 0.047129629629629625
1 0.028958333333333332 0.35453703703703704 0.057916666666666665 0.23277777777777778
1 0.31382812499999996 0.3652314814814815 0.18640625 0.16342592592592592
1 0.19734375 0.6370370370370371 0.0971875 0.20055555555555554
