1 0.6801302083333334 0.6527777777777778 0.14734375 0.26944444444444443
1 0.5256510416666667 0.03384259259259259 0.11223958333333334 0.06768518518518518
1 0.17088541666666668 0.571712962962963 0.23083333333333333 0.4039814814814815
1 0.32986979166666663 0.6982407407407407 0.16609374999999998 0.2564814814814815
3 0.46799479166666663 0.45231481481481484 0.1447395833333333 0.3685185185185185
0 0.41091145833333337 0.047129629629629625 0.21015625 0.09425925925925925
1 0.07877604166666667 0.7824074074074074 0.15755208333333334 0.4351851851851852
1 0.9777083333333334 0.7446759259259259 0.04458333333333333 0.12157407407407408
3 0.07841145833333334 0.4198148148148148 0.15682291666666667 0.4105555555555555
1 0.3263802083333333 0.8280092592592593 0.048281250000000005 0.06712962962962964
