1 0.772578125 0.5708333333333333 0.07869791666666666 0.27166666666666667
1 0.8019270833333334 0.49106481481481484 0.06333333333333332 0.22749999999999998
0 0.4744791666666667 0.4779629629629629 0.10437500000000001 0.12648148148148147
0 0.49796875 0.39166666666666666 0.10614583333333334 0.13722222222222222
3 0.9057291666666667 0.09481481481481482 0.13791666666666666 0.18962962962962965
3 0.9526562500000001 0.7227314814814815 0.09468750000000001 0.4315740740740741
1 0.10861979166666667 0.6871296296296296 0.21723958333333335 0.3787037037037037
1 0.161328125 0.355787037037037 0.32265625 0.5599074074074074
1 0.547109375 0.747175925925926 0.12921875 0.13472222222222222
1 0.5753645833333334 0.4996759259259259 0.10354166666666667 0.15194444444444444
