3 0.6890625 0.05699074074074074 0.13135416666666666 0.11398148148148148
3 0.894140625 0.19421296296296298 0.21171875 0.38842592592592595
3 0.07502604166666667 0.8397685185185185 0.15005208333333334 0.320462962962963
1 0.036145833333333335 0.6504629629629629 0.07229166666666667 0.2262962962962963
1 0.37515624999999997 0.8499537037037037 0.28187500000000004 0.30009259259259263
1 0.4507291666666667 0.559675925925926 0.2384375 0.533425925925926
1 0.405234375 0.28541666666666665 0.07619791666666667 0.10250000000000001
1 0.5872395833333334 0.24513888888888888 0.186875 0.38675925925925925
1 0.6815364583333333 0.3183796296296296 0.09380208333333333 0.2263888888888889
1 0.6196354166666667 0.7589814814814815 0.13677083333333334 0.4101851851851852
3 0.8234895833333333 0.5856018518518519 0.11854166666666667 0.35953703703703704
1 0.6749479166666668 0.5980092592592593 0.20822916666666666 0.36157407407407405
1 0.9925520833333333 0.9071759259259259 0.014895833333333334 0.1149074074074074
1 0.7742447916666666 0.35555555555555557 0.09890625 0.15611111111111112
1 0.8504166666666666 0.6506481481481482 0.05260416666666667 0.1398148148148148
