1 0.9456770833333333 0.41467592592592595 0.10864583333333333 0.1686111111111111
3 0.6386458333333334 0.2846296296296296 0.16395833333333334 0.2874074074074074
1 0.7470572916666668 0.6531944444444445 0.14005208333333333 0.3136111111111111
3 0.544375 0.18425925925925926 0.2 0.3685185185185185
3 0.28783854166666667 0.49402777777777773 0.20390625 0.6713888888888889
3 0.0796875 0.1672685185185185 0.159375 0.334537037037037
1 0.05151041666666667 0.93 0.10302083333333334 0.08925925925925926
1 0.095078125 0.6675462962962962 0.10088541666666666 0.11694444444444445
1 0.056015625 0.43944444444444447 0.09151041666666666 0.1425925925925926
1 0.73875 0.4127777777777778 0.0984375 0.16907407407407407
