1 0.11440104166666668 0.8508796296296297 0.22880208333333335 0.29824074074074075
1 0.549375 0.36365740740740743 0.14250000000000002 0.1813888888888889
1 0.3578645833333333 0.5003240740740741 0.12729166666666666 0.22361111111111112
1 0.43244791666666665 0.7604629629629629 0.27427083333333335 0.3637037037037037
1 0.9104427083333333 0.15708333333333332 0.17911458333333333 0.31416666666666665
1 0.9160677083333334 0.6493981481481482 0.16786458333333334 0.18194444444444444
3 0.9028385416666665 0.7412962962962963 0.17901041666666667 0.2537037037037037
1 0.7400260416666666 0.06087962962962963 0.13182291666666665 0.12175925925925926
1 0.7423697916666667 0.21962962962962965 0.10171875000000001 0.23944444444444446
1 0.6666406249999999 0.658425925925926 0.22015625 0.3187037037037037
1 0.5318229166666666 0.5132407407407407 0.19979166666666667 0.26314814814814813
