1 0.3037239583333333 0.6036574074074075 0.11828124999999999 0.1736111111111111
1 0.2389583333333333 0.6431944444444444 0.11 0.16175925925925924
1 0.9368489583333334 0.8349074074074074 0.12630208333333334 0.17351851851851852
3 0.8409375 0.7326851851851851 0.029791666666666668 0.06018518518518518
3 0.716171875 0.5487962962962963 0.12942708333333333 0.22203703703703706
1 0.09981770833333334 0.6803703703703703 0.19963541666666668 0.40685185185185185
1 0.12289062499999999 0.46800925925925924 0.24578124999999998 0.24249999999999997
1 0.03229166666666667 0.09824074074074074 0.06458333333333334 0.19648148148148148
1 0.732265625 0.2647685185185185 0.2593229166666667 0.2784259259259259
3 0.5952083333333333 0.7185185185185186 0.25958333333333333 0.44166666666666665
