1 0.9773177083333333 0.4212037037037037 0.04536458333333333 0.17314814814814813
3 0.7090885416666666 0.2914814814814815 0.16963541666666665 0.2803703703703704
1 0.8191145833333333 0.649861111111111 0.136875 0.30194444444444446
3 0.6142187499999999 0.18300925925925926 0.19625 0.3660185185185185
3 0.361328125 0.465462962962963 0.20109375000000002 0.6125925925925926
3 0.11630208333333333 0.2876388888888889 0.23260416666666667 0.5752777777777778
1 0.039036458333333336 0.7120833333333333 0.07807291666666667 0.3715740740740741
1 0.08994791666666666 0.9218518518518519 0.1798958333333333 0.1562962962962963
1 0.169375 0.6699537037037037 0.09302083333333333 0.12046296296296295
1 0.134296875 0.44925925925925925 0.09119791666666667 0.15833333333333333
1 0.81 0.41763888888888884 0.101875 0.16231481481481483
