1 0.4203385416666666 0.4260648148148148 0.19213541666666664 0.4652777777777778
3 0.03638020833333333 0.7627314814814815 0.07276041666666666 0.23064814814814813
1 0.06565104166666666 0.49800925925925926 0.13130208333333332 0.34935185185185186
1 0.16393229166666667 0.478287037037037 0.10744791666666667 0.2910185185185185
3 0.27697916666666667 0.4340277777777778 0.33875 0.5291666666666667
1 0.36497395833333335 0.1263425925925926 0.2541145833333333 0.2526851851851852
1 0.7472135416666668 0.8031944444444444 0.15880208333333332 0.2963888888888889
1 0.6946093750000001 0.484537037037037 0.13588541666666665 0.3844444444444444
1 0.23981770833333332 0.5525925925925925 0.15473958333333335 0.19518518518518518
3 0.9438802083333333 0.25930555555555557 0.11223958333333334 0.25416666666666665
1 0.4973958333333333 0.6147222222222223 0.075 0.09666666666666668
