3 0.10059895833333334 0.3396296296296296 0.20119791666666667 0.3622222222222222
1 0.025833333333333333 0.620925925925926 0.051666666666666666 0.20777777777777778
1 0.24364583333333334 0.4791203703703704 0.3534375 0.36916666666666664
1 0.612421875 0.1764814814814815 0.20005208333333335 0.352962962962963
3 0.2845833333333333 0.639074074074074 0.25666666666666665 0.2051851851851852
3 0.33966145833333333 0.310462962962963 0.11151041666666667 0.13666666666666666
3 0.25309895833333335 0.337037037037037 0.08223958333333334 0.09333333333333334
1 0.9863020833333334 0.30898148148148147 0.027395833333333335 0.1625925925925926
3 0.4393489583333334 0.9411574074074074 0.19567708333333333 0.11768518518518518
3 0.6290885416666666 0.6548148148148148 0.08838541666666666 0.22722222222222221
3 0.3148958333333333 0.7331481481481482 0.19177083333333333 0.11592592592592593
0 0.051328124999999995 0.1286574074074074 0.10265624999999999 0.18083333333333335
