3 0.9338020833333333 0.1616203703703704 0.13239583333333332 0.3232407407407408
1 0.08518229166666667 0.23615740740740743 0.17036458333333335 0.47231481481481485
1 0.31768229166666667 0.35356481481481483 0.11859375 0.14287037037037037
2 0.17002604166666666 0.5350925925925926 0.09328125 0.1737037037037037
1 0.9125781249999999 0.653425925925926 0.17484375 0.5609259259259259
1 0.996328125 0.6804166666666667 0.00734375 0.19416666666666665
1 0.8111458333333333 0.6383333333333334 0.06375 0.2809259259259259
1 0.8747135416666667 0.8966666666666666 0.03380208333333334 0.06166666666666666
3 0.027630208333333333 0.5509259259259259 0.055260416666666666 0.10518518518518517
3 0.09638020833333334 0.5903240740740741 0.05776041666666667 0.11787037037037036
