1 0.7811979166666666 0.30648148148148147 0.208125 0.30833333333333335
1 0.9498177083333332 0.37004629629629626 0.10036458333333333 0.21824074074074074
2 0.734609375 0.0612962962962963 0.06901041666666667 0.10925925925925926
2 0.5816927083333333 0.26486111111111105 0.16880208333333335 0.17287037037037037
1 0.8765885416666667 0.3767129629629629 0.10265624999999999 0.2749074074074074
1 0.7167708333333334 0.2596296296296296 0.12333333333333334 0.3075925925925926
1 0.7980989583333334 0.5071296296296296 0.14057291666666666 0.10333333333333333
1 0.03473958333333334 0.5706944444444445 0.06947916666666668 0.20824074074074075
3 0.24651041666666668 0.07907407407407407 0.1171875 0.15814814814814815
1 0.06705729166666667 0.45537037037037037 0.13411458333333334 0.2559259259259259
3 0.32104166666666667 0.6584722222222222 0.25833333333333336 0.6591666666666667
