1 0.958203125 0.14032407407407407 0.08359375 0.25953703703703707
3 0.201484375 0.1749537037037037 0.2803645833333333 0.3499074074074074
1 0.02276041666666667 0.24217592592592593 0.04552083333333334 0.14712962962962964
1 0.08424479166666667 0.31171296296296297 0.10526041666666666 0.15787037037037038
3 0.10778645833333332 0.5533333333333333 0.14776041666666667 0.3687037037037037
3 0.11390625 0.624537037037037 0.1009375 0.1524074074074074
1 0.028098958333333333 0.570787037037037 0.05619791666666667 0.3337962962962963
3 0.915390625 0.36486111111111114 0.16932291666666668 0.3030555555555556
3 0.5509114583333333 0.5607407407407407 0.22932291666666668 0.5294444444444444
1 0.34096354166666665 0.8789351851851852 0.15661458333333333 0.14212962962962963
3 0.5383333333333333 0.7601388888888889 0.051041666666666666 0.12842592592592592
1 0.5664322916666666 0.834212962962963 0.13973958333333333 0.1960185185185185
1 0.7492447916666668 0.5319907407407407 0.19703125000000002 0.33731481481481485
1 0.916015625 0.5454166666666667 0.16796875 0.29712962962962963
