3 0.8442708333333333 0.29874999999999996 0.1720833333333333 0.30009259259259263
1 0.9434895833333333 0.6083333333333333 0.11302083333333333 0.1787037037037037
3 0.7483854166666666 0.1961111111111111 0.1872916666666667 0.3688888888888889
3 0.5114062500000001 0.4690740740740741 0.23208333333333334 0.5977777777777779
3 0.19354166666666664 0.3287037037037037 0.3597916666666666 0.620925925925926
1 0.12848958333333335 0.7073611111111111 0.22479166666666667 0.42453703703703705
1 0.233125 0.9259259259259259 0.20020833333333332 0.14814814814814814
1 0.048749999999999995 0.9593055555555555 0.09749999999999999 0.0813888888888889
1 0.05893229166666667 0.42268518518518516 0.11786458333333334 0.35666666666666663
1 0.3165625 0.6783796296296296 0.09125 0.11694444444444445
1 0.2834375 0.4673611111111111 0.09864583333333334 0.1686111111111111
1 0.9391406250000001 0.4225462962962963 0.10328125 0.14935185185185187
