1 0.6396093749999999 0.62 0.15348958333333332 0.3427777777777778
3 0.7884635416666667 0.46064814814814814 0.27411458333333333 0.38796296296296295
1 0.49867187500000004 0.13648148148148148 0.26588541666666665 0.27296296296296296
0 0.9717708333333334 0.04615740740740741 0.05645833333333334 0.09231481481481482
0 0.4724739583333334 0.7620370370370371 0.24369791666666665 0.4759259259259259
1 0.970390625 0.25601851851851853 0.05921875 0.23148148148148148
1 0.8951302083333333 0.7081018518518518 0.20984375 0.2187962962962963
1 0.09273437500000001 0.2260185185185185 0.18546875000000002 0.452037037037037
1 0.24895833333333334 0.4826388888888889 0.35260416666666666 0.5562037037037038
1 0.4733854166666667 0.28319444444444447 0.2153125 0.2121296296296296
1 0.6596354166666667 0.16597222222222222 0.09677083333333333 0.2513888888888889
3 0.5811718750000001 0.02236111111111111 0.10484375 0.04472222222222222
1 0.7779687499999999 0.8382407407407407 0.23395833333333332 0.3235185185185185
