1 0.2798697916666667 0.4215740740740741 0.10609375 0.18481481481481482
3 0.8199739583333333 0.4203703703703704 0.36005208333333333 0.6853703703703704
1 0.3055729166666667 0.669537037037037 0.17822916666666666 0.3416666666666667
1 0.034296875 0.17319444444444446 0.06859375 0.1497222222222222
1 0.095234375 0.6333796296296296 0.19046875 0.295462962962963
1 0.09018229166666666 0.3901851851851852 0.18036458333333333 0.1774074074074074
1 0.707578125 0.22824074074074074 0.11911458333333333 0.1437037037037037
3 0.750234375 0.07143518518518518 0.08098958333333334 0.14287037037037037
1 0.6252604166666667 0.11962962962962961 0.2 0.23925925925925923
1 0.09755208333333334 0.48 0.1951041666666667 0.16240740740740742
