1 0.9025 0.4311574074074074 0.19499999999999998 0.1915740740740741
1 0.05640625 0.16518518518518518 0.1128125 0.27314814814814814
3 0.12526041666666668 0.7151388888888889 0.10052083333333334 0.28824074074074074
1 0.18171874999999998 0.6596759259259258 0.059895833333333336 0.1900925925925926
1 0.3491666666666667 0.21092592592592593 0.3578125 0.42185185185185187
1 0.67640625 0.24435185185185182 0.18562499999999998 0.2588888888888889
1 0.8472135416666667 0.9581944444444446 0.09005208333333334 0.08361111111111111
1 0.77015625 0.5688425925925926 0.37104166666666666 0.44083333333333335
1 0.9860677083333333 0.33476851851851847 0.027864583333333335 0.24138888888888888
1 0.9802864583333333 0.7854166666666667 0.039427083333333335 0.13842592592592592
1 0.006588541666666667 0.5487037037037036 0.013177083333333334 0.14222222222222222
3 0.07260416666666666 0.02925925925925926 0.12020833333333333 0.05851851851851852
