3 0.2742447916666667 0.7370833333333333 0.49098958333333337 0.5258333333333333
1 0.013828125 0.38773148148148145 0.02765625 0.07564814814814814
1 0.8980989583333334 0.6767592592592593 0.20380208333333333 0.21925925925925926
0 0.7470052083333333 0.7930555555555555 0.15140625 0.2511111111111111
0 0.5329947916666666 0.18074074074074073 0.20557291666666666 0.16092592592592594
1 0.46359374999999997 0.6410185185185184 0.16802083333333334 0.1811111111111111
1 0.4861979166666667 0.355787037037037 0.19614583333333335 0.34750000000000003
1 0.6952343750000001 0.3293055555555555 0.23588541666666665 0.27546296296296297
1 0.25924479166666664 0.41837962962962966 0.23328125 0.2013888888888889
0 0.6753125000000001 0.5321759259259259 0.25458333333333333 0.3565740740740741
