1 0.9858072916666667 0.40870370370370374 0.028385416666666666 0.0811111111111111
1 0.9317187499999999 0.6875 0.1365625 0.2724074074074074
1 0.7599739583333334 0.07944444444444446 0.11973958333333333 0.15351851851851853
1 0.6915625 0.11134259259259259 0.1475 0.22268518518518518
0 0.43703125000000004 0.03939814814814815 0.11239583333333333 0.0787962962962963
1 0.020468749999999997 0.35430555555555554 0.040937499999999995 0.17027777777777778
1 0.14867187499999998 0.7787499999999999 0.15609375 0.19842592592592595
1 0.4296354166666667 0.6970370370370371 0.3959375 0.35203703703703704
3 0.7487239583333333 0.6736574074074073 0.08838541666666666 0.19305555555555556
1 0.6655208333333335 0.6475925925925926 0.1321875 0.36148148148148146
1 0.5379427083333332 0.33416666666666667 0.2896354166666667 0.3061111111111111
