3 0.30010416666666667 0.4710185185185185 0.22458333333333333 0.5183333333333333
2 0.029375 0.893148148148148 0.05875 0.16537037037037036
3 0.5719010416666667 0.2798148148148148 0.3374479166666667 0.5101851851851852
1 0.905 0.3493518518518518 0.19 0.16648148148148148
3 0.31841145833333334 0.8306481481481481 0.03890625 0.13740740740740742
1 0.058619791666666664 0.5981944444444444 0.11723958333333333 0.3799074074074074
1 0.3388802083333334 0.21189814814814817 0.23286458333333335 0.23712962962962966
3 0.8975000000000001 0.045509259259259256 0.20500000000000002 0.09101851851851851
1 0.9751302083333333 0.17847222222222223 0.04973958333333333 0.2610185185185185
1 0.7838541666666666 0.20171296296296298 0.17041666666666666 0.28342592592592597
3 0.7739062499999999 0.8261574074074074 0.24125 0.32546296296296295
