1 0.933828125 0.5172222222222221 0.13234375 0.305
0 0.9576302083333332 0.23074074074074072 0.08473958333333333 0.16166666666666665
3 0.8124739583333334 0.5059259259259259 0.11713541666666667 0.23370370370370372
1 0.7886458333333334 0.5035648148148149 0.2315625 0.3599074074074074
1 0.6569010416666666 0.2506481481481481 0.17630208333333333 0.27574074074074073
1 0.762421875 0.8167592592592593 0.03536458333333334 0.07111111111111111
3 0.247578125 0.8138425925925926 0.26317708333333334 0.3723148148148148
1 0.8913020833333333 0.7134259259259259 0.1846875 0.22185185185185186
1 0.6558854166666667 0.6766203703703704 0.1546875 0.3762037037037037
3 0.09494791666666667 0.5888888888888889 0.18989583333333335 0.40407407407407403
1 0.15653645833333332 0.07324074074074073 0.11286458333333332 0.14648148148148146
1 0.2491145833333333 0.07069444444444443 0.09260416666666667 0.14138888888888887
1 0.9627604166666667 0.759074074074074 0.07447916666666667 0.17962962962962964
