3 0.45244791666666667 0.2906018518518519 0.21062499999999998 0.2721296296296296
1 0.8726302083333334 0.3746759259259259 0.23338541666666668 0.18009259259259258
1 0.8415885416666666 0.25282407407407403 0.15911458333333334 0.18953703703703703
1 0.8999479166666666 0.5105555555555555 0.20010416666666667 0.30444444444444446
1 0.8595312500000001 0.7323148148148149 0.15406250000000002 0.2505555555555556
3 0.691171875 0.4285185185185185 0.12171875 0.2874074074074074
1 0.6870572916666667 0.31268518518518523 0.28057291666666667 0.24796296296296297
1 0.48403645833333336 0.8807870370370371 0.24401041666666667 0.23842592592592593
1 0.51 0.6581018518518519 0.3145833333333333 0.4397222222222222
1 0.14705729166666667 0.456712962962963 0.18307291666666667 0.48916666666666664
1 0.22731770833333334 0.6414351851851852 0.09817708333333333 0.2784259259259259
