3 0.4411197916666667 0.6716666666666666 0.16973958333333333 0.27870370370370373
1 0.49736979166666667 0.631574074074074 0.22296875000000002 0.34944444444444445
1 0.5527083333333334 0.3846759259259259 0.2115625 0.15842592592592591
1 0.6050520833333334 0.16027777777777777 0.1 0.32055555555555554
1 0.7083072916666666 0.016898148148148148 0.02484375 0.033796296296296297
1 0.9432291666666667 0.7822685185185185 0.11354166666666667 0.22824074074074074
1 0.7540885416666666 0.039212962962962956 0.04244791666666667 0.0723148148148148
3 0.6694791666666667 0.49296296296296294 0.42552083333333335 0.5377777777777777
1 0.41921875 0.3736574074074074 0.101875 0.21175925925925926
1 0.32664062499999996 0.3026388888888889 0.19026041666666668 0.3869444444444444
1 0.07861979166666666 0.34726851851851853 0.15723958333333332 0.2667592592592593
1 0.20575520833333333 0.8474999999999999 0.2636979166666667 0.305
1 0.37161458333333336 0.7688888888888888 0.25395833333333334 0.4622222222222222
1 0.8655989583333333 0.26236111111111116 0.08348958333333334 0.1497222222222222
