1 0.6862760416666667 0.8743518518518518 0.13723958333333333 0.2512962962962963
1 0.3307291666666667 0.33902777777777776 0.16083333333333333 0.24416666666666664
0 0.9512499999999999 0.7649537037037036 0.09749999999999999 0.19324074074074074
1 0.814609375 0.43287037037037035 0.15578125 0.08481481481481482
1 0.26484375 0.44356481481481475 0.25135416666666666 0.20342592592592593
1 0.14354166666666668 0.6192592592592593 0.16854166666666667 0.1724074074074074
1 0.38619791666666664 0.9315277777777778 0.0328125 0.13694444444444445
3 0.21799479166666666 0.7261574074074074 0.4278645833333333 0.5476851851851852
0 0.8100260416666667 0.5964814814814815 0.24796875000000002 0.5455555555555556
0 0.953671875 0.3760185185185185 0.09265625000000001 0.18555555555555556
1 0.7762760416666666 0.3168055555555555 0.056718750000000005 0.05268518518518518
