1 0.28005208333333337 0.3149074074074074 0.16208333333333333 0.15833333333333333
1 0.37432291666666667 0.06268518518518519 0.145625 0.12537037037037038
1 0.13958333333333334 0.5806481481481481 0.2791666666666667 0.3861111111111111
1 0.6477604166666667 0.3642592592592592 0.13770833333333332 0.16055555555555556
1 0.35036458333333337 0.7162499999999999 0.23447916666666666 0.46324074074074073
0 0.8165364583333333 0.4762037037037037 0.10151041666666667 0.1625925925925926
1 0.5452083333333333 0.277037037037037 0.10479166666666666 0.2594444444444444
0 0.7936979166666667 0.34444444444444444 0.15833333333333333 0.21814814814814815
1 0.8620833333333332 0.030324074074074073 0.07510416666666667 0.060648148148148145
3 0.383828125 0.17282407407407405 0.28119791666666666 0.14824074074074073
1 0.6409375 0.5520833333333334 0.143125 0.13324074074074074
1 0.6413281249999999 0.45458333333333334 0.19953125000000002 0.1699074074074074
3 0.5311979166666667 0.7456018518518519 0.2153125 0.4280555555555556
1 0.48601562500000006 0.29185185185185186 0.11765625 0.29648148148148146
0 0.6629166666666666 0.055 0.16458333333333333 0.11
