1 0.620625 0.20023148148148148 0.08072916666666667 0.24157407407407405
1 0.3728645833333334 0.9401388888888889 0.258125 0.11972222222222223
3 0.19966145833333335 0.22203703703703706 0.3993229166666667 0.4440740740740741
1 0.6227083333333333 0.46976851851851853 0.09697916666666666 0.09787037037037037
3 0.6689583333333334 0.1751851851851852 0.1528125 0.23944444444444446
3 0.9413020833333333 0.7041666666666667 0.1175 0.29259259259259257
1 0.9054427083333333 0.7303703703703703 0.06651041666666667 0.11444444444444445
1 0.04309895833333333 0.9329166666666667 0.07453125 0.13416666666666668
1 0.138125 0.6013888888888889 0.10208333333333333 0.20333333333333334
1 0.012473958333333333 0.682962962962963 0.024947916666666667 0.08722222222222223
