1 0.11877604166666668 0.8406481481481481 0.23755208333333336 0.18796296296296297
1 0.20817708333333332 0.9096759259259258 0.37124999999999997 0.18064814814814814
3 0.31520833333333337 0.8556018518518519 0.15291666666666667 0.21564814814814814
1 0.37484375 0.605462962962963 0.048749999999999995 0.11166666666666666
3 0.288671875 0.7303240740740741 0.27963541666666664 0.3060185185185185
1 0.6669531249999999 0.8071296296296295 0.07401041666666666 0.19333333333333336
1 0.7893229166666667 0.8044444444444444 0.2551041666666667 0.29333333333333333
1 0.312109375 0.10222222222222223 0.21765625 0.20444444444444446
3 0.906875 0.9087037037037037 0.18625 0.18259259259259258
1 0.9323697916666667 0.731574074074074 0.09661458333333334 0.19518518518518518
3 0.09372395833333333 0.767824074074074 0.12192708333333332 0.1549074074074074
