1 0.879375 0.801574074074074 0.160625 0.24425925925925926
0 0.17747395833333332 0.2298148148148148 0.11890625 0.12222222222222222
1 0.5145833333333333 0.8700462962962963 0.0803125 0.07731481481481481
1 0.6824999999999999 0.335787037037037 0.07406249999999999 0.10027777777777777
3 0.8690885416666667 0.07768518518518519 0.21953125 0.15537037037037038
1 0.9519791666666666 0.8694444444444445 0.09604166666666666 0.1590740740740741
1 0.9566666666666667 0.9374537037037036 0.08666666666666667 0.1250925925925926
3 0.9755208333333333 0.7747222222222223 0.04895833333333333 0.11870370370370369
0 0.892109375 0.39865740740740735 0.08630208333333332 0.17435185185185187
3 0.8870312499999999 0.0949537037037037 0.07239583333333334 0.11527777777777778
