3 0.07856770833333333 0.18847222222222224 0.13890624999999998 0.30157407407407405
1 0.040651041666666665 0.35453703703703704 0.04765625 0.0962962962962963
1 0.005703125 0.11773148148148149 0.01140625 0.06101851851851852
3 0.22268229166666667 0.3650462962962963 0.11192708333333333 0.1449074074074074
1 0.10562500000000001 0.7545833333333334 0.21125000000000002 0.49083333333333334
1 0.8641666666666666 0.7281018518518518 0.08375 0.11194444444444444
1 0.8657552083333333 0.37222222222222223 0.08453125 0.09481481481481482
1 0.566796875 0.1287037037037037 0.21723958333333335 0.16925925925925928
3 0.4931770833333333 0.07615740740740741 0.2652083333333333 0.15231481481481482
1 0.2267708333333333 0.1475462962962963 0.2577083333333333 0.2950925925925926
