3 0.69 0.9099074074074075 0.08125 0.18
1 0.42578125 0.5903240740740741 0.0684375 0.2310185185185185
1 0.4580989583333333 0.5963425925925926 0.10651041666666666 0.29712962962962963
1 0.7540885416666666 0.7441666666666668 0.09296875 0.09462962962962963
1 0.8723958333333334 0.5433333333333333 0.09927083333333334 0.2238888888888889
1 0.9719010416666667 0.4614351851851852 0.05619791666666667 0.07972222222222222
1 0.52421875 0.5144444444444445 0.0628125 0.10166666666666667
1 0.5214322916666666 0.6346296296296297 0.07536458333333333 0.17962962962962964
1 0.6196093749999999 0.8975 0.08838541666666666 0.17277777777777778
1 0.35640625000000004 0.9296296296296296 0.10437500000000001 0.08055555555555556
1 0.17255208333333333 0.6665740740740741 0.050104166666666665 0.07407407407407407
3 0.263515625 0.7524074074074073 0.09223958333333333 0.2531481481481481
1 0.2836979166666667 0.24587962962962964 0.11729166666666666 0.12638888888888888
1 0.13499999999999998 0.1710648148148148 0.05854166666666667 0.08157407407407406
3 0.36447916666666663 0.25148148148148153 0.43572916666666667 0.4474074074074074
3 0.17583333333333334 0.48763888888888884 0.29739583333333336 0.3610185185185185
1 0.7432552083333334 0.14240740740740743 0.22869791666666667 0.28481481481481485
