3 0.9620572916666666 0.12092592592592592 0.07588541666666666 0.13537037037037036
3 0.043541666666666666 0.1222685185185185 0.08708333333333333 0.05731481481481481
1 0.14333333333333334 0.1834259259259259 0.2866666666666667 0.3668518518518518
3 0.06299479166666667 0.5845833333333333 0.12598958333333335 0.2852777777777778
1 0.3131510416666667 0.6075 0.19109374999999998 0.3414814814814815
3 0.38611979166666666 0.3003240740740741 0.09296875 0.13842592592592592
1 0.2790104166666667 0.2581481481481482 0.13458333333333333 0.27314814814814814
0 0.18864583333333332 0.2861574074074074 0.06135416666666667 0.11805555555555555
1 0.6835156250000001 0.4601851851851852 0.27130208333333333 0.24111111111111108
1 0.9684375000000001 0.2492592592592593 0.05541666666666667 0.14333333333333334
1 0.2296875 0.6118981481481481 0.16552083333333334 0.10805555555555556
1 0.22473958333333333 0.43625 0.15812500000000002 0.19824074074074075
3 0.19447916666666665 0.04097222222222222 0.10062499999999999 0.08194444444444444
1 0.8166406249999999 0.3043518518518518 0.08526041666666666 0.18666666666666668
