2 0.9649218749999999 0.7544444444444445 0.07015624999999999 0.17814814814814817
1 0.015885416666666666 0.10731481481481482 0.03177083333333333 0.13092592592592592
1 0.6983072916666667 0.595925925925926 0.20526041666666667 0.5066666666666667
1 0.3569791666666667 0.43083333333333335 0.12072916666666668 0.2588888888888889
1 0.45481770833333335 0.6796759259259259 0.13223958333333333 0.27768518518518515
2 0.4736197916666667 0.0964351851851852 0.13838541666666665 0.13342592592592592
1 0.8588802083333333 0.49583333333333335 0.22609375 0.37333333333333335
3 0.8477083333333333 0.6712037037037037 0.21729166666666666 0.5190740740740741
3 0.9404687500000001 0.5312037037037037 0.1190625 0.4209259259259259
1 0.9694010416666666 0.3410185185185185 0.061197916666666664 0.06555555555555555
0 0.943046875 0.18680555555555556 0.11390625 0.22990740740740742
