1 0.12513020833333333 0.5281481481481481 0.10859375 0.1598148148148148
1 0.029348958333333335 0.9689351851851852 0.05869791666666667 0.062129629629629625
1 0.18401041666666668 0.7264351851851852 0.27770833333333333 0.31175925925925924
1 0.5026302083333333 0.3766203703703704 0.15890625 0.27194444444444443
1 0.5519791666666667 0.8508333333333333 0.17833333333333332 0.29833333333333334
1 0.8203645833333333 0.5836111111111111 0.16614583333333333 0.2929629629629629
1 0.7572135416666668 0.8222685185185185 0.028072916666666666 0.0723148148148148
1 0.03526041666666667 0.8326388888888889 0.07052083333333334 0.2525
1 0.700859375 0.09564814814814815 0.10348958333333333 0.14814814814814814
1 0.4019270833333333 0.7207407407407407 0.18427083333333333 0.14722222222222223
1 0.6950520833333333 0.9537037037037037 0.06104166666666667 0.09259259259259259
1 0.024010416666666666 0.44583333333333336 0.04802083333333333 0.15037037037037038
