1 0.8519010416666666 0.19194444444444445 0.10557291666666666 0.12722222222222224
1 0.10830729166666667 0.4263888888888889 0.21661458333333333 0.2994444444444444
1 0.8957552083333333 0.6112962962962963 0.19828125 0.24500000000000002
1 0.9247916666666666 0.4440277777777778 0.15031250000000002 0.18805555555555556
1 0.749765625 0.579537037037037 0.18057291666666667 0.4124074074074074
1 0.4925520833333333 0.3912037037037037 0.23166666666666666 0.2796296296296296
1 0.3072916666666667 0.6762962962962964 0.14479166666666668 0.4946296296296297
1 0.466875 0.8080092592592593 0.1928125 0.3839814814814815
1 0.09786458333333334 0.8802777777777778 0.17479166666666668 0.23944444444444446
3 0.24437499999999998 0.6678703703703704 0.13177083333333334 0.29185185185185186
3 0.907421875 0.6701388888888888 0.06255208333333333 0.07027777777777779
3 0.8715624999999999 0.5517592592592594 0.058958333333333335 0.09296296296296297
1 0.4940364583333333 0.5762962962962963 0.19276041666666668 0.16777777777777778
