3 0.04497395833333333 0.6530555555555556 0.08994791666666666 0.13
1 0.05294270833333334 0.8280555555555555 0.10588541666666668 0.34388888888888886
3 0.9844270833333334 0.12217592592592591 0.03114583333333333 0.13287037037037036
3 0.8639843749999999 0.27625 0.20838541666666668 0.16398148148148148
1 0.6265885416666668 0.6445833333333333 0.14546875 0.25416666666666665
1 0.296796875 0.40407407407407403 0.15119791666666668 0.21388888888888888
1 0.17778645833333334 0.5291666666666667 0.26098958333333333 0.2388888888888889
1 0.20122395833333334 0.33370370370370367 0.22515625 0.31666666666666665
1 0.22981770833333334 0.828287037037037 0.2458854166666667 0.3408333333333334
3 0.32664062499999996 0.030787037037037036 0.08505208333333333 0.06157407407407407
1 0.6623177083333334 0.8371296296296296 0.18671875 0.29500000000000004
1 0.9401822916666666 0.739212962962963 0.11963541666666666 0.28379629629629627
