1 0.9073958333333334 0.24157407407407405 0.11437499999999999 0.19703703703703704
1 0.176484375 0.09203703703703704 0.17036458333333335 0.18407407407407408
1 0.07143229166666668 0.18601851851851853 0.14286458333333335 0.37203703703703705
1 0.5579427083333334 0.7188888888888889 0.24921875 0.1811111111111111
1 0.5154427083333334 0.38287037037037036 0.14526041666666664 0.10851851851851853
1 0.7345052083333333 0.8144907407407407 0.20359375 0.3710185185185185
1 0.7217708333333334 0.36370370370370364 0.06947916666666668 0.09055555555555556
1 0.825078125 0.24106481481481484 0.08713541666666667 0.12046296296296295
3 0.8716145833333333 0.5816203703703705 0.25677083333333334 0.3862037037037037
1 0.8767447916666666 0.35083333333333333 0.13213541666666667 0.16333333333333333
3 0.901015625 0.8764814814814815 0.19796875 0.1712962962962963
