1 0.7654166666666666 0.05435185185185185 0.1678125 0.1087037037037037
3 0.080625 0.5164814814814814 0.15510416666666668 0.1638888888888889
1 0.47859375000000004 0.3838425925925926 0.191875 0.2063888888888889
3 0.409765625 0.07347222222222222 0.14848958333333334 0.14694444444444443
3 0.8765625 0.4204166666666666 0.221875 0.25435185185185183
1 0.40054687499999997 0.7053703703703703 0.08911458333333333 0.11351851851851852
1 0.9634635416666667 0.8494444444444446 0.07307291666666667 0.16611111111111113
2 0.5704166666666667 0.7707407407407407 0.16958333333333334 0.4585185185185185
1 0.49458333333333326 0.5925 0.24552083333333333 0.35814814814814816
1 0.18786458333333333 0.5718055555555556 0.23958333333333334 0.20972222222222223
3 0.19981770833333332 0.7257870370370371 0.25328125 0.30527777777777776
1 0.178046875 0.8310185185185185 0.04526041666666667 0.06722222222222221
