0 0.3004947916666667 0.5065740740740741 0.21015625 0.3690740740740741
1 0.17572916666666666 0.2775462962962963 0.1040625 0.21287037037037038
0 0.6726302083333333 0.07189814814814816 0.10640625000000001 0.1437962962962963
3 0.9646614583333333 0.25870370370370366 0.07067708333333332 0.2874074074074074
3 0.8580208333333333 0.8279166666666666 0.11114583333333333 0.15712962962962962
1 0.9059375000000001 0.2247685185185185 0.05385416666666667 0.0723148148148148
3 0.816484375 0.6976851851851852 0.09578125 0.16018518518518518
3 0.018333333333333333 0.8446759259259259 0.03666666666666667 0.15083333333333335
0 0.42888020833333335 0.1322685185185185 0.09192708333333334 0.264537037037037
2 0.48885416666666665 0.4479166666666667 0.08 0.2726851851851852
