1 0.9062760416666666 0.21050925925925926 0.18744791666666666 0.16435185185185186
1 0.9809374999999999 0.09722222222222222 0.038125 0.08962962962962963
3 0.03484375 0.19574074074074072 0.0696875 0.08574074074074074
1 0.8224479166666667 0.3800925925925926 0.13739583333333333 0.2375925925925926
1 0.9112239583333334 0.6684722222222222 0.17755208333333333 0.37935185185185183
1 0.7462239583333333 0.4895833333333333 0.24119791666666668 0.2769444444444445
1 0.8038020833333334 0.6707407407407407 0.0475 0.06925925925925926
0 0.8346614583333333 0.05444444444444444 0.10244791666666667 0.10888888888888888
1 0.6207291666666667 0.7930092592592592 0.3752083333333333 0.4139814814814815
1 0.65609375 0.1796759259259259 0.07427083333333333 0.27120370370370367
1 0.3778385416666667 0.08680555555555555 0.09932291666666666 0.1736111111111111
