1 0.9332291666666667 0.9702314814814816 0.07927083333333333 0.059537037037037034
1 0.5921875 0.7113888888888888 0.09260416666666667 0.056296296296296296
1 0.050390625 0.6580555555555555 0.10078125 0.18592592592592594
1 0.7029427083333334 0.7148611111111111 0.05848958333333333 0.08731481481481482
3 0.8698177083333333 0.5868981481481481 0.11619791666666666 0.17601851851851852
1 0.5430989583333333 0.8518055555555556 0.35359375 0.2784259259259259
1 0.21265624999999996 0.4025462962962963 0.08739583333333334 0.1687962962962963
1 0.3021614583333333 0.8047685185185186 0.09880208333333333 0.11750000000000001
3 0.9284375 0.46199074074074076 0.143125 0.2187962962962963
1 0.06614583333333333 0.23962962962962964 0.09749999999999999 0.09074074074074075
