1 0.7916927083333333 0.724675925925926 0.11494791666666666 0.27768518518518515
1 0.9831510416666666 0.16995370370370372 0.03369791666666667 0.039907407407407405
1 0.9348958333333334 0.029074074074074075 0.049479166666666664 0.04740740740740741
1 0.8690885416666667 0.49527777777777776 0.23359375 0.43425925925925923
3 0.10427083333333333 0.26296296296296295 0.14104166666666668 0.07722222222222223
1 0.20361979166666666 0.5158333333333334 0.11567708333333333 0.2622222222222222
0 0.8925260416666666 0.05240740740740741 0.06828125 0.039629629629629626
1 0.03372395833333333 0.5512037037037036 0.04609375 0.10555555555555556
1 0.36437499999999995 0.8489814814814814 0.1253125 0.30203703703703705
1 0.11114583333333333 0.8388888888888889 0.22229166666666667 0.27481481481481485
0 0.9173697916666668 0.22768518518518518 0.07776041666666668 0.09925925925925926
