1 0.04861979166666666 0.6119444444444444 0.09723958333333332 0.1922222222222222
1 0.8091927083333333 0.9468518518518518 0.20859375 0.10629629629629629
1 0.7997916666666666 0.8033333333333333 0.12218749999999999 0.21000000000000002
1 0.8385416666666666 0.5527314814814815 0.3229166666666667 0.3584259259259259
1 0.09401041666666667 0.7467592592592592 0.04802083333333333 0.04574074074074074
1 0.9663541666666666 0.7046759259259259 0.06729166666666667 0.1862037037037037
3 0.34039062500000006 0.764074074074074 0.10505208333333332 0.1625925925925926
1 0.28687500000000005 0.6950462962962963 0.0934375 0.0975
1 0.061953125000000005 0.7656018518518519 0.12390625000000001 0.1636111111111111
1 0.5769270833333333 0.4895833333333333 0.0934375 0.13546296296296298
1 0.06940104166666666 0.4468981481481481 0.13880208333333333 0.18324074074074076
1 0.4320833333333333 0.2796296296296296 0.35625 0.28851851851851856
1 0.6010677083333333 0.6988425925925926 0.12578125 0.14731481481481482
3 0.6712760416666667 0.8268055555555556 0.15609375 0.2667592592592593
1 0.880625 0.8398148148148148 0.23875 0.24444444444444444
1 0.158046875 0.9017592592592593 0.31609375 0.19648148148148148
