0 0.910546875 0.3859722222222222 0.055260416666666666 0.09083333333333332
1 0.33479166666666665 0.6007870370370371 0.268125 0.2650925925925926
1 0.03330729166666667 0.9336111111111112 0.06661458333333334 0.13277777777777777
1 0.14617187499999998 0.8451851851851852 0.17026041666666666 0.2559259259259259
1 0.11559895833333332 0.20819444444444443 0.15911458333333334 0.3699074074074074
1 0.39708333333333334 0.6904166666666667 0.2677083333333333 0.15898148148148147
1 0.4546354166666667 0.4126388888888889 0.17020833333333335 0.2721296296296296
3 0.8822395833333333 0.3012037037037037 0.044895833333333336 0.08851851851851851
1 0.9686197916666667 0.2588425925925926 0.06276041666666667 0.15916666666666668
1 0.8917447916666668 0.43152777777777773 0.11505208333333333 0.29842592592592593
1 0.11885416666666666 0.5498611111111111 0.07322916666666666 0.09953703703703703
