1 0.8863802083333334 0.4031944444444444 0.22723958333333333 0.24824074074074076
1 0.98828125 0.2765740740740741 0.0234375 0.1262962962962963
1 0.5147395833333334 0.02962962962962963 0.08302083333333334 0.05925925925925926
0 0.6652864583333334 0.1297222222222222 0.05723958333333334 0.23500000000000001
1 0.5639583333333333 0.5000925925925926 0.09302083333333333 0.09277777777777778
3 0.225390625 0.8610185185185185 0.39609375 0.27796296296296297
1 0.178671875 0.1865740740740741 0.12338541666666666 0.12722222222222224
1 0.9301302083333333 0.7277777777777777 0.11151041666666667 0.09740740740740741
1 0.9726041666666666 0.8397685185185185 0.05479166666666667 0.264537037037037
3 0.47854166666666664 0.15472222222222223 0.184375 0.18037037037037038
