2 0.566640625 0.6263425925925925 0.09473958333333334 0.10675925925925926
1 0.9535677083333334 0.6486574074074074 0.09286458333333333 0.32490740740740737
1 0.017265625 0.5186574074074074 0.03453125 0.07101851851851852
1 0.7954427083333333 0.5735648148148148 0.06140625 0.10342592592592594
1 0.19541666666666666 0.6654629629629629 0.059375 0.11
1 0.6930468750000001 0.7785185185185185 0.28244791666666663 0.31074074074074076
1 0.43463541666666666 0.8859722222222223 0.07989583333333333 0.05064814814814815
1 0.5970833333333334 0.5093055555555556 0.12291666666666666 0.20805555555555555
1 0.011145833333333332 0.42680555555555555 0.022291666666666664 0.10101851851851851
3 0.16023437499999998 0.7180092592592592 0.32046874999999997 0.38083333333333336
1 0.134765625 0.9087500000000001 0.26953125 0.18231481481481482
1 0.77796875 0.28587962962962965 0.13052083333333334 0.24842592592592594
3 0.16736979166666666 0.03476851851851852 0.05255208333333334 0.06953703703703704
1 0.309296875 0.16847222222222222 0.3263020833333333 0.33694444444444444
3 0.44210937499999997 0.43875 0.22973958333333336 0.2860185185185185
3 0.52875 0.13615740740740742 0.3925 0.27231481481481484
1 0.2559635416666667 0.5402777777777777 0.18994791666666666 0.5262962962962963
1 0.39705729166666665 0.6192592592592593 0.13598958333333336 0.2409259259259259
