1 0.32546875 0.40407407407407403 0.16770833333333332 0.35240740740740745
1 0.609140625 0.6040277777777778 0.27671874999999996 0.37527777777777777
1 0.6895572916666667 0.40791666666666665 0.08796875 0.07064814814814814
1 0.7000781249999999 0.5697222222222221 0.11390625 0.09333333333333334
1 0.8671354166666666 0.8127314814814814 0.2657291666666667 0.37453703703703706
1 0.047734375 0.10731481481481482 0.09546875 0.2074074074074074
1 0.5055989583333333 0.10981481481481481 0.055572916666666666 0.1311111111111111
1 0.8570833333333333 0.6474537037037037 0.16541666666666668 0.3200925925925926
1 0.44388020833333336 0.012222222222222221 0.025989583333333333 0.024444444444444442
3 0.3736979166666667 0.6068981481481482 0.24968749999999998 0.2508333333333333
