1 0.9252864583333333 0.185 0.14942708333333332 0.37
1 0.2858072916666667 0.6423611111111112 0.16661458333333332 0.3434259259259259
3 0.7635416666666667 0.8015277777777778 0.07072916666666668 0.22305555555555556
0 0.6230729166666666 0.03953703703703704 0.15395833333333334 0.07907407407407407
1 0.7282291666666666 0.4797222222222222 0.11364583333333332 0.2187037037037037
1 0.9547916666666667 0.9548148148148149 0.09041666666666666 0.09037037037037036
1 0.7838020833333333 0.6345833333333334 0.14479166666666668 0.20601851851851852
3 0.43838541666666664 0.1075462962962963 0.22958333333333333 0.2150925925925926
1 0.154453125 0.38708333333333333 0.30890625 0.6547222222222222
1 0.482109375 0.5105092592592593 0.10859375 0.15805555555555553
