1 0.39203124999999994 0.8599537037037037 0.13479166666666667 0.254537037037037
3 0.10122395833333334 0.1150925925925926 0.20244791666666667 0.2301851851851852
3 0.046614583333333334 0.2896296296296296 0.07125000000000001 0.135
1 0.28533854166666667 0.8292592592592593 0.20901041666666667 0.3414814814814815
1 0.23325520833333335 0.7451851851851853 0.09296875 0.11407407407407408
1 0.3521354166666667 0.7133796296296295 0.06666666666666667 0.11305555555555555
3 0.9226822916666666 0.1565277777777778 0.15463541666666666 0.3130555555555556
0 0.7910937499999999 0.4505555555555556 0.22614583333333332 0.32
0 0.67984375 0.6990740740740741 0.1309375 0.1474074074074074
1 0.595390625 0.3181481481481482 0.21234375 0.3772222222222222
