1 0.6659375 0.763287037037037 0.25833333333333336 0.42564814814814816
1 0.5331510416666667 0.1739351851851852 0.23338541666666668 0.19398148148148148
1 0.44375 0.758888888888889 0.03958333333333333 0.033518518518518524
1 0.461875 0.5594907407407408 0.19614583333333335 0.39361111111111113
1 0.22145833333333334 0.47717592592592595 0.17552083333333332 0.30379629629629634
1 0.5104166666666666 0.549212962962963 0.19729166666666667 0.36342592592592593
1 0.9519270833333333 0.4225 0.09614583333333333 0.6085185185185186
1 0.07791666666666666 0.37138888888888894 0.15583333333333332 0.18666666666666668
1 0.07372395833333334 0.674861111111111 0.14744791666666668 0.4721296296296296
1 0.33986979166666664 0.575925925925926 0.13453125000000002 0.31074074074074076
