1 0.9124739583333333 0.5608333333333334 0.17505208333333336 0.3274074074074074
1 0.17130208333333333 0.3793518518518519 0.34260416666666665 0.47092592592592597
1 0.38700520833333335 0.9458796296296297 0.055572916666666666 0.10824074074074075
3 0.91765625 0.8419444444444445 0.030833333333333334 0.08444444444444445
3 0.9761197916666666 0.7358796296296296 0.047760416666666666 0.10416666666666667
1 0.9503125000000001 0.860787037037037 0.099375 0.2784259259259259
1 0.8472135416666667 0.978611111111111 0.10932291666666667 0.04277777777777778
1 0.2928385416666667 0.11731481481481482 0.29765625 0.23462962962962963
1 0.11838541666666667 0.8109259259259259 0.2025 0.3781481481481481
1 0.20794270833333334 0.225 0.09505208333333333 0.0712962962962963
1 0.47486979166666665 0.7454166666666666 0.14953125 0.16527777777777777
1 0.09859375000000001 0.5633796296296296 0.05520833333333333 0.03305555555555556
1 0.053723958333333335 0.5769444444444445 0.03536458333333334 0.0374074074074074
0 0.7929166666666667 0.36226851851851855 0.1 0.14083333333333334
