1 0.6500520833333333 0.6905555555555555 0.20104166666666667 0.26944444444444443
3 0.6572916666666667 0.12351851851851853 0.07020833333333334 0.11407407407407408
3 0.451171875 0.35185185185185186 0.34901041666666666 0.3435185185185185
1 0.05424479166666667 0.3525462962962963 0.10848958333333333 0.3150925925925926
1 0.013984375 0.5937962962962963 0.02796875 0.11481481481481481
3 0.8238541666666667 0.6499537037037038 0.16541666666666668 0.2500925925925926
1 0.8225260416666667 0.05907407407407407 0.12171875 0.11814814814814814
1 0.48822916666666666 0.678611111111111 0.03520833333333333 0.06111111111111111
1 0.35809895833333333 0.6430092592592593 0.15776041666666665 0.22953703703703704
1 0.39963541666666663 0.5833796296296296 0.17729166666666665 0.31972222222222224
1 0.9933854166666667 0.6845833333333333 0.013229166666666665 0.09564814814814815
3 0.6399739583333334 0.8356018518518519 0.12223958333333333 0.15898148148148147
