1 0.8734895833333333 0.3431018518518519 0.09177083333333333 0.25972222222222224
3 0.20611979166666666 0.13078703703703703 0.2505729166666667 0.26157407407407407
3 0.12901041666666666 0.31976851851851856 0.2580208333333333 0.3812037037037037
3 0.31617187500000005 0.5310185185185186 0.10307291666666667 0.17425925925925925
1 0.2526041666666667 0.3443055555555556 0.16072916666666667 0.2534259259259259
1 0.433515625 0.12680555555555553 0.17046875 0.16027777777777777
1 0.43614583333333334 0.20935185185185184 0.057604166666666665 0.09074074074074075
1 0.25661458333333337 0.7850462962962963 0.17125 0.4299074074074074
1 0.14549479166666668 0.8568981481481482 0.08942708333333332 0.28620370370370374
1 0.044244791666666665 0.13268518518518518 0.08848958333333333 0.18018518518518517
1 0.6956770833333332 0.21847222222222223 0.06208333333333334 0.06046296296296296
0 0.9859895833333334 0.03754629629629629 0.02802083333333333 0.07509259259259259
1 0.9234895833333333 0.18421296296296294 0.13364583333333335 0.2136111111111111
1 0.9810677083333332 0.5444444444444444 0.03786458333333333 0.0748148148148148
1 0.408125 0.611574074074074 0.134375 0.2388888888888889
