3 0.9500260416666666 0.47074074074074074 0.09994791666666666 0.19833333333333333
3 0.8770312499999999 0.30416666666666664 0.2459375 0.3772222222222222
0 0.8700520833333333 0.8816666666666667 0.15364583333333334 0.1577777777777778
1 0.7545052083333333 0.7443055555555554 0.3197395833333333 0.329537037037037
3 0.13247395833333334 0.3981018518518518 0.03651041666666666 0.08287037037037037
1 0.16989583333333336 0.35407407407407404 0.11135416666666667 0.1638888888888889
1 0.28932291666666665 0.3436574074074074 0.29802083333333335 0.3360185185185185
1 0.5289583333333333 0.6891666666666667 0.13760416666666667 0.2446296296296296
1 0.086171875 0.9258333333333333 0.17234375 0.14833333333333332
0 0.6631510416666667 0.2401388888888889 0.09473958333333334 0.13472222222222222
