3 0.7707552083333333 0.06231481481481481 0.13494791666666667 0.12462962962962962
1 0.9420572916666666 0.31851851851851853 0.11588541666666667 0.2437037037037037
0 0.946796875 0.09787037037037037 0.06307291666666666 0.07222222222222222
3 0.710625 0.2514351851851852 0.13468750000000002 0.1549074074074074
1 0.8163802083333334 0.5337962962962963 0.14557291666666666 0.16777777777777778
0 0.11773437499999999 0.37819444444444444 0.08890624999999999 0.22453703703703703
1 0.08703124999999999 0.6073148148148148 0.17406249999999998 0.2537037037037037
1 0.3121875 0.3435648148148148 0.042291666666666665 0.07824074074074074
1 0.384375 0.5075925925925926 0.1115625 0.13166666666666665
3 0.8470833333333333 0.17828703703703702 0.13135416666666666 0.304537037037037
