0 0.13830729166666664 0.24870370370370373 0.09515625 0.21555555555555556
0 0.06885416666666666 0.6160648148148147 0.13770833333333332 0.1676851851851852
3 0.6217968749999999 0.3019907407407408 0.23109375 0.10250000000000001
3 0.7192708333333333 0.5261574074074075 0.09645833333333333 0.2586111111111111
3 0.21768229166666667 0.45416666666666666 0.09682291666666668 0.10018518518518518
1 0.34252604166666667 0.4804166666666667 0.08338541666666667 0.09453703703703703
1 0.8912239583333332 0.7244907407407408 0.17328125 0.27749999999999997
1 0.22565104166666666 0.9467592592592593 0.054322916666666665 0.0762962962962963
3 0.13786458333333332 0.8403703703703704 0.27572916666666664 0.31925925925925924
1 0.3909114583333333 0.8481944444444445 0.18671875 0.2349074074074074
1 0.30072916666666666 0.414212962962963 0.09104166666666667 0.20601851851851852
3 0.39450520833333336 0.26004629629629633 0.12276041666666666 0.34935185185185186
1 0.23380208333333333 0.6010185185185184 0.31302083333333336 0.2846296296296296
1 0.8223958333333333 0.41912037037037037 0.24666666666666667 0.379537037037037
