3 0.23111979166666666 0.422962962962963 0.07786458333333333 0.11222222222222222
3 0.12252604166666667 0.6168981481481481 0.07526041666666666 0.16435185185185186
1 0.031223958333333336 0.8981018518518518 0.06244791666666667 0.20379629629629628
1 0.354453125 0.4478240740740741 0.04380208333333333 0.06361111111111112
3 0.2576041666666667 0.30703703703703705 0.17197916666666666 0.34574074074074074
0 0.9289583333333334 0.42310185185185184 0.07333333333333333 0.2063888888888889
1 0.9047135416666666 0.627361111111111 0.19057291666666665 0.2260185185185185
1 0.5704166666666667 0.6181944444444445 0.13052083333333334 0.28805555555555556
1 0.49117187500000004 0.459212962962963 0.24151041666666667 0.1821296296296296
3 0.3701041666666667 0.05310185185185185 0.23572916666666668 0.1062037037037037
