1 0.3572916666666667 0.478425925925926 0.3491666666666667 0.27907407407407403
1 0.05942708333333333 0.02300925925925926 0.11885416666666666 0.04601851851851852
3 0.3123958333333333 0.40865740740740736 0.08312499999999999 0.10398148148148148
3 0.8350520833333334 0.7364814814814815 0.1115625 0.23925925925925923
1 0.9297656249999999 0.2260185185185185 0.14046875 0.16925925925925928
3 0.31130208333333337 0.7660648148148147 0.26968749999999997 0.4343518518518519
1 0.9169010416666666 0.5113888888888889 0.16619791666666667 0.2874074074074074
1 0.4901041666666667 0.23046296296296295 0.16968750000000002 0.18666666666666668
3 0.9080208333333333 0.11060185185185185 0.18395833333333333 0.2212037037037037
3 0.4126041666666667 0.0814351851851852 0.12083333333333333 0.1628703703703704
1 0.09192708333333334 0.4130555555555555 0.12479166666666666 0.13648148148148148
3 0.023046875 0.3548148148148148 0.04609375 0.1774074074074074
