3 0.6743229166666665 0.7498148148148148 0.3358333333333333 0.43425925925925923
1 0.21453124999999998 0.6718518518518518 0.1 0.22
1 0.13338541666666667 0.6237962962962963 0.16729166666666667 0.25666666666666665
1 0.9344270833333334 0.3778240740740741 0.13114583333333335 0.20879629629629629
1 0.08403645833333333 0.7930092592592592 0.16807291666666666 0.2237962962962963
1 0.8845833333333333 0.984861111111111 0.07979166666666666 0.030277777777777782
1 0.8025 0.7447685185185186 0.09385416666666666 0.12675925925925927
1 0.9163541666666666 0.569675925925926 0.16729166666666667 0.2852777777777778
1 0.9866666666666666 0.8339351851851852 0.02666666666666667 0.12787037037037036
1 0.091796875 0.6416203703703705 0.18359375 0.4489814814814815
