3 0.4926302083333333 0.3637037037037037 0.12473958333333333 0.10296296296296296
1 0.9592447916666667 0.1625925925925926 0.08151041666666667 0.23203703703703704
1 0.3975520833333333 0.5672685185185184 0.03114583333333333 0.0837962962962963
1 0.8072135416666667 0.553287037037037 0.2511979166666667 0.23194444444444445
3 0.6137499999999999 0.3835648148148148 0.06104166666666667 0.06435185185185185
1 0.4734895833333333 0.17907407407407408 0.1965625 0.3277777777777778
1 0.479765625 0.44476851851851856 0.12890625 0.1112037037037037
1 0.028697916666666667 0.22398148148148145 0.05739583333333333 0.09203703703703704
3 0.133671875 0.20578703703703705 0.12546875 0.12712962962962965
1 0.48791666666666667 0.7552314814814814 0.12291666666666666 0.19768518518518519
1 0.9254947916666667 0.7704166666666667 0.09192708333333334 0.18583333333333332
