1 0.4907291666666667 0.5120833333333333 0.09645833333333333 0.37916666666666665
3 0.39895833333333336 0.15856481481481483 0.13739583333333333 0.15805555555555553
1 0.403125 0.7941666666666667 0.0715625 0.07796296296296297
2 0.45346354166666664 0.5316203703703704 0.07828125000000001 0.21324074074074076
1 0.29153645833333336 0.18708333333333335 0.16015625 0.1212037037037037
3 0.4502083333333333 0.29324074074074075 0.03239583333333333 0.07722222222222223
0 0.9671354166666666 0.05685185185185185 0.06572916666666667 0.1137037037037037
1 0.6401822916666666 0.31245370370370373 0.20609375 0.38342592592592595
1 0.36609375 0.07300925925925926 0.11239583333333333 0.14601851851851852
1 0.528203125 0.8443518518518518 0.04526041666666667 0.06111111111111111
