1 0.7227864583333333 0.7121296296296296 0.28359375 0.33296296296296296
3 0.2950260416666667 0.46171296296296294 0.14328125 0.41712962962962963
3 0.3696093750000001 0.8400462962962963 0.31984375000000004 0.3199074074074074
3 0.13091145833333334 0.8191203703703703 0.16151041666666668 0.3617592592592592
1 0.42578125 0.22199074074074074 0.23541666666666666 0.3547222222222222
1 0.17804687500000002 0.35717592592592595 0.10859375 0.2828703703703704
1 0.324140625 0.6819444444444445 0.11380208333333333 0.1201851851851852
3 0.6792447916666666 0.28662037037037036 0.08890624999999999 0.12212962962962963
1 0.523828125 0.6381944444444444 0.12453125 0.2582407407407407
1 0.8577864583333333 0.5371296296296296 0.28442708333333333 0.4787037037037037
