1 0.957578125 0.67125 0.08484375000000001 0.14342592592592593
0 0.257734375 0.6230555555555556 0.17005208333333333 0.21851851851851853
1 0.11893229166666666 0.34148148148148144 0.17963541666666666 0.27814814814814814
1 0.05934895833333333 0.14337962962962963 0.11869791666666667 0.28675925925925927
1 0.33596354166666664 0.8459722222222222 0.24973958333333332 0.3080555555555555
3 0.4159114583333333 0.24694444444444444 0.09807291666666668 0.08685185185185185
1 0.5014062499999999 0.3232407407407408 0.1259375 0.18962962962962965
1 0.5994270833333334 0.6936111111111112 0.3234375 0.487962962962963
1 0.6459114583333333 0.44351851851851853 0.18057291666666667 0.29185185185185186
3 0.7248958333333333 0.3130555555555556 0.16166666666666665 0.24
1 0.7709114583333333 0.6526851851851851 0.10557291666666666 0.347962962962963
