1 0.10953125000000001 0.42291666666666666 0.103125 0.18935185185185185
1 0.36703125 0.5185185185185185 0.06604166666666667 0.1024074074074074
3 0.9294010416666667 0.773287037037037 0.14119791666666667 0.4534259259259259
1 0.7895052083333334 0.09268518518518518 0.13036458333333334 0.18537037037037035
1 0.052760416666666664 0.5259722222222222 0.10552083333333333 0.20898148148148146
1 0.41124999999999995 0.13449074074074074 0.17729166666666665 0.14731481481481482
1 0.82015625 0.6170370370370372 0.11239583333333333 0.24018518518518517
1 0.25140625 0.28097222222222223 0.23083333333333333 0.45620370370370367
3 0.6728645833333334 0.115 0.15197916666666667 0.20425925925925925
1 0.008984375 0.6981481481481482 0.01796875 0.04055555555555555
3 0.09122395833333334 0.2722685185185185 0.18244791666666668 0.25194444444444447
1 0.19184895833333335 0.12925925925925924 0.3836979166666667 0.2585185185185185
1 0.2852864583333333 0.4612037037037037 0.06630208333333333 0.12518518518518518
1 0.16229166666666667 0.3106481481481482 0.060520833333333336 0.03814814814814815
