1 0.8007291666666667 0.649537037037037 0.3146875 0.5074074074074074
3 0.9424739583333334 0.6268055555555556 0.11505208333333333 0.37712962962962965
1 0.09942708333333333 0.5828703703703704 0.19885416666666667 0.3761111111111111
1 0.16851562499999997 0.2665740740740741 0.24005208333333333 0.21981481481481482
1 0.36471354166666664 0.32791666666666663 0.16307291666666668 0.33416666666666667
2 0.7809114583333334 0.35305555555555557 0.10692708333333334 0.14296296296296296
1 0.04575520833333333 0.4399537037037037 0.09151041666666666 0.15324074074074073
3 0.9033333333333334 0.21810185185185185 0.14604166666666665 0.3741666666666667
1 0.93609375 0.370462962962963 0.04125 0.15944444444444444
3 0.9571354166666667 0.1476851851851852 0.08572916666666666 0.2953703703703704
1 0.9550520833333334 0.866574074074074 0.08989583333333333 0.1361111111111111
2 0.22763020833333333 0.46055555555555555 0.12182291666666667 0.20907407407407408
