1 0.205625 0.65 0.19822916666666668 0.4159259259259259
1 0.05658854166666667 0.3871759259259259 0.11317708333333334 0.42509259259259263
1 0.9164583333333334 0.6001851851851853 0.16708333333333333 0.29500000000000004
1 0.23364583333333336 0.37773148148148145 0.10375 0.10027777777777777
1 0.045625 0.7245833333333334 0.09125 0.28675925925925927
1 0.021067708333333334 0.8518518518518519 0.04213541666666667 0.09351851851851851
3 0.7158072916666666 0.8466203703703704 0.09171875 0.25416666666666665
3 0.7270572916666667 0.22685185185185186 0.21161458333333333 0.40055555555555555
1 0.7867968750000001 0.7081944444444443 0.16057291666666668 0.3036111111111111
3 0.47075520833333334 0.5600925925925927 0.37984375 0.6357407407407407
