1 0.9443750000000001 0.326712962962963 0.11125 0.28435185185185186
3 0.6953125 0.9333796296296297 0.08697916666666666 0.13324074074074074
3 0.9875 0.6773148148148148 0.025 0.05555555555555555
3 0.96890625 0.5681944444444444 0.0621875 0.07546296296296297
1 0.014765625000000001 0.470787037037037 0.029531250000000002 0.11842592592592593
3 0.09494791666666667 0.26425925925925925 0.18989583333333335 0.4475925925925926
1 0.22778645833333336 0.36236111111111113 0.33619791666666665 0.3554629629629629
3 0.07010416666666666 0.8813425925925926 0.14020833333333332 0.17212962962962963
1 0.33317708333333335 0.7763888888888889 0.14635416666666667 0.1688888888888889
3 0.7562239583333333 0.6815277777777777 0.23328125 0.5426851851851852
3 0.8857031249999999 0.6932870370370371 0.22859374999999998 0.47379629629629627
1 0.4622395833333333 0.22217592592592592 0.13874999999999998 0.33546296296296296
