3 0.6048697916666668 0.6512037037037036 0.12546875 0.2414814814814815
3 0.3609114583333334 0.8339351851851853 0.20119791666666667 0.31953703703703706
1 0.8456510416666666 0.622638888888889 0.21151041666666667 0.4139814814814815
1 0.90859375 0.2401388888888889 0.10989583333333333 0.12824074074074074
1 0.5254166666666668 0.04111111111111111 0.16520833333333332 0.08222222222222222
3 0.5917708333333334 0.36773148148148144 0.16697916666666668 0.07490740740740741
0 0.49117187500000004 0.26625 0.14619791666666665 0.20583333333333334
3 0.23934895833333333 0.3565740740740741 0.47869791666666667 0.3559259259259259
1 0.47552083333333334 0.42189814814814813 0.13489583333333333 0.14583333333333334
3 0.9330208333333333 0.3589814814814815 0.13395833333333332 0.30888888888888894
3 0.9002604166666667 0.1363888888888889 0.19947916666666668 0.2727777777777778
3 0.16122395833333333 0.7244907407407408 0.06942708333333333 0.16805555555555557
