3 0.9016145833333334 0.8770833333333333 0.18354166666666666 0.24324074074074073
0 0.07906250000000001 0.07268518518518519 0.15812500000000002 0.14537037037037037
1 0.09135416666666667 0.39671296296296293 0.17895833333333336 0.2702777777777778
1 0.2174739583333333 0.859212962962963 0.24838541666666666 0.2550925925925926
1 0.3068489583333333 0.5984259259259259 0.2933854166666666 0.472962962962963
1 0.408046875 0.4091666666666666 0.07661458333333333 0.1688888888888889
1 0.51296875 0.6236574074074075 0.12291666666666666 0.2073148148148148
1 0.4427083333333333 0.38689814814814816 0.11197916666666667 0.3008333333333333
2 0.76734375 0.8162962962962963 0.08885416666666666 0.19018518518518518
3 0.944765625 0.5931481481481482 0.11046874999999999 0.16703703703703704
1 0.8333593750000001 0.3297685185185185 0.22776041666666666 0.2050925925925926
1 0.8284895833333333 0.24675925925925926 0.10614583333333334 0.20037037037037037
3 0.7416927083333333 0.08166666666666667 0.11119791666666666 0.16333333333333333
3 0.9676041666666666 0.1522685185185185 0.06479166666666666 0.304537037037037
