0 0.8711979166666666 0.41490740740740745 0.17510416666666667 0.21777777777777776
1 0.631640625 0.43212962962962964 0.028593749999999998 0.026851851851851852
3 0.4448958333333334 0.25546296296296295 0.19499999999999998 0.2835185185185185
1 0.49591145833333333 0.1726851851851852 0.2991145833333333 0.3453703703703704
1 0.954765625 0.44342592592592595 0.045885416666666665 0.04777777777777778
1 0.22445312500000003 0.0813888888888889 0.15453124999999998 0.1627777777777778
1 0.8661979166666666 0.08583333333333333 0.176875 0.17166666666666666
1 0.6636458333333334 0.48819444444444443 0.059375 0.14027777777777778
3 0.523046875 0.4341203703703703 0.3450520833333333 0.30546296296296294
0 0.08481770833333332 0.27967592592592594 0.16963541666666665 0.1100925925925926
1 0.7863020833333334 0.43703703703703706 0.04833333333333333 0.05740740740740741
