1 0.7733593750000001 0.07675925925925926 0.08453125 0.09481481481481482
1 0.7052083333333333 0.7818055555555554 0.1509375 0.3806481481481482
1 0.6879687499999999 0.27458333333333335 0.1803125 0.24361111111111114
3 0.3404427083333334 0.30782407407407414 0.10307291666666667 0.26046296296296295
3 0.3275520833333333 0.19458333333333333 0.14760416666666665 0.38916666666666666
1 0.6877864583333333 0.46722222222222226 0.12244791666666667 0.15574074074074074
3 0.07015624999999999 0.1974074074074074 0.14031249999999998 0.21851851851851853
1 0.08687500000000001 0.750462962962963 0.17375000000000002 0.3411111111111111
1 0.9751822916666667 0.6932407407407408 0.04963541666666667 0.14814814814814814
1 0.9654427083333332 0.13999999999999999 0.06911458333333333 0.1577777777777778
1 0.92046875 0.43374999999999997 0.1590625 0.2375
