1 0.9755468749999999 0.5441203703703703 0.048906250000000005 0.16916666666666666
1 0.914765625 0.4230092592592593 0.15328125 0.1260185185185185
1 0.4923177083333333 0.3000462962962963 0.16046875000000002 0.4028703703703704
1 0.39953125 0.4866666666666667 0.16552083333333334 0.23166666666666666
1 0.6006510416666667 0.6456944444444445 0.16671875 0.4791666666666667
1 0.9845052083333333 0.7762037037037036 0.030989583333333334 0.11074074074074074
3 0.06557291666666668 0.5485648148148149 0.08125 0.13472222222222222
1 0.14098958333333333 0.3765740740740741 0.14395833333333333 0.2312962962962963
1 0.06591145833333333 0.4153703703703704 0.13182291666666665 0.5066666666666667
1 0.3051302083333333 0.5024074074074074 0.19338541666666667 0.2974074074074074
1 0.5844791666666667 0.12787037037037036 0.110625 0.23537037037037037
1 0.8680989583333333 0.6354629629629629 0.2638020833333333 0.41129629629629627
3 0.8875 0.1488888888888889 0.225 0.19537037037037036
1 0.9711458333333334 0.8377777777777777 0.057708333333333334 0.14425925925925928
1 0.3286197916666666 0.9428703703703705 0.09807291666666668 0.11425925925925927
