1 0.1571875 0.17925925925925926 0.10145833333333334 0.19555555555555554
1 0.07885416666666667 0.327037037037037 0.15770833333333334 0.3038888888888889
1 0.9647656250000001 0.04217592592592592 0.07046875000000001 0.08435185185185184
1 0.6229947916666666 0.34685185185185186 0.17276041666666667 0.2675925925925926
1 0.33807291666666667 0.2871759259259259 0.24333333333333332 0.36898148148148147
3 0.48098958333333336 0.5356018518518519 0.16374999999999998 0.2626851851851852
1 0.46770833333333334 0.3676851851851852 0.11447916666666667 0.10925925925925926
1 0.9167708333333333 0.7360185185185186 0.16645833333333335 0.28111111111111114
3 0.6480729166666667 0.008611111111111111 0.060000000000000005 0.017222222222222222
1 0.959140625 0.5988888888888888 0.08171875 0.2638888888888889
