1 0.97234375 0.6768055555555555 0.0553125 0.2523148148148148
0 0.5484114583333334 0.6184259259259259 0.3140104166666667 0.5722222222222222
1 0.7441145833333332 0.4908796296296296 0.0803125 0.22361111111111112
1 0.35104166666666664 0.6827777777777777 0.22020833333333334 0.3233333333333333
1 0.036432291666666665 0.9565277777777778 0.07286458333333333 0.08694444444444445
3 0.454296875 0.21199074074074076 0.04421875 0.09194444444444444
3 0.4561458333333333 0.1076388888888889 0.06875 0.043055555555555555
1 0.4917708333333334 0.18486111111111111 0.0934375 0.15083333333333335
1 0.06643229166666667 0.12425925925925925 0.13286458333333334 0.2485185185185185
1 0.03825520833333333 0.29555555555555557 0.07651041666666666 0.2833333333333333
3 0.11671875000000001 0.4341203703703704 0.05385416666666667 0.12990740740740742
3 0.26296875 0.2636111111111111 0.15541666666666665 0.18333333333333332
1 0.20354166666666668 0.7023148148148148 0.3091666666666667 0.5953703703703703
