1 0.9167708333333333 0.8295833333333333 0.16645833333333335 0.3408333333333334
1 0.8625781250000001 0.9737037037037038 0.07932291666666667 0.05259259259259259
1 0.8260416666666667 0.6857407407407408 0.085625 0.19462962962962962
1 0.8369791666666667 0.3458333333333333 0.08104166666666666 0.04055555555555555
0 0.42234374999999996 0.30791666666666667 0.09260416666666667 0.1726851851851852
1 0.7122395833333334 0.41921296296296295 0.14812499999999998 0.16027777777777777
1 0.732109375 0.23620370370370372 0.3708854166666667 0.3053703703703704
1 0.4892708333333334 0.4610185185185185 0.12208333333333334 0.15092592592592594
1 0.41627604166666665 0.8133796296296296 0.23713541666666668 0.37324074074074076
1 0.23479166666666668 0.7975 0.20729166666666668 0.3672222222222222
1 0.38453125 0.5969444444444445 0.16395833333333334 0.3261111111111111
3 0.7265625 0.6050000000000001 0.19458333333333336 0.2403703703703704
