3 0.5504947916666667 0.7262037037037037 0.4861979166666667 0.375
1 0.04010416666666667 0.5351851851851852 0.08020833333333334 0.23203703703703704
3 0.4428125 0.10208333333333333 0.17427083333333335 0.20416666666666666
3 0.5978645833333334 0.21037037037037035 0.1203125 0.11407407407407408
1 0.6911197916666667 0.31101851851851847 0.08921875 0.34055555555555556
1 0.9572395833333334 0.8983796296296296 0.048854166666666664 0.08009259259259259
1 0.9094531250000001 0.4040277777777778 0.03505208333333333 0.12101851851851851
1 0.88859375 0.1763888888888889 0.11333333333333333 0.16592592592592592
1 0.3634114583333333 0.6930555555555555 0.15953125 0.19907407407407407
1 0.0484375 0.19546296296296295 0.096875 0.3909259259259259
