0 0.264453125 0.1325925925925926 0.10526041666666666 0.21925925925925926
3 0.14200520833333333 0.12921296296296297 0.07786458333333333 0.25842592592592595
3 0.20802083333333332 0.5383333333333333 0.16239583333333335 0.3472222222222222
3 0.3809635416666667 0.11532407407407406 0.07703125000000001 0.23064814814814813
3 0.45416666666666666 0.23129629629629628 0.03114583333333333 0.053148148148148146
1 0.43109375 0.4302777777777778 0.35885416666666664 0.45444444444444443
3 0.9059635416666667 0.7973148148148148 0.11942708333333334 0.1724074074074074
1 0.8017708333333332 0.8685648148148147 0.19666666666666668 0.24027777777777778
1 0.6527604166666666 0.20671296296296296 0.1953125 0.26416666666666666
1 0.7378125 0.13203703703703704 0.21458333333333332 0.26407407407407407
1 0.074765625 0.8118055555555556 0.14953125 0.37175925925925923
1 0.557421875 0.5816666666666667 0.31265624999999997 0.39814814814814814
1 0.048749999999999995 0.14805555555555552 0.09749999999999999 0.12425925925925925
