1 0.641796875 0.3299074074074074 0.05963541666666667 0.025185185185185185
1 0.8101822916666667 0.7337962962962963 0.10526041666666666 0.09851851851851852
1 0.8059895833333334 0.6141666666666666 0.160625 0.31777777777777777
1 0.9759895833333333 0.6068055555555555 0.04802083333333333 0.04638888888888889
1 0.9107031250000001 0.2512962962962963 0.12567708333333333 0.13685185185185186
1 0.8451302083333334 0.37560185185185185 0.16067708333333333 0.15435185185185185
1 0.794609375 0.4559259259259259 0.13265625 0.16592592592592592
3 0.6449999999999999 0.19541666666666666 0.12010416666666666 0.26287037037037037
3 0.29192708333333334 0.07351851851851852 0.27802083333333333 0.14703703703703705
3 0.4730729166666666 0.23851851851851855 0.03114583333333333 0.16092592592592594
0 0.2518489583333333 0.12444444444444445 0.11911458333333333 0.10851851851851853
3 0.040338541666666665 0.47000000000000003 0.08067708333333333 0.22518518518518518
3 0.9285937499999999 0.7991666666666667 0.14281249999999998 0.23796296296296296
