1 0.06619791666666666 0.3789814814814815 0.13239583333333332 0.21259259259259258
1 0.225 0.8531018518518518 0.18083333333333332 0.29379629629629633
1 0.37124999999999997 0.7371296296296296 0.295625 0.13296296296296295
1 0.33705729166666665 0.5570370370370371 0.31317708333333333 0.352962962962963
0 0.73203125 0.19611111111111112 0.22270833333333334 0.39222222222222225
0 0.9332552083333334 0.08986111111111113 0.13348958333333333 0.17435185185185187
1 0.8766927083333333 0.6706481481481481 0.24661458333333333 0.5127777777777778
3 0.98125 0.24375 0.0375 0.1526851851851852
1 0.9494791666666667 0.4424537037037037 0.10104166666666667 0.2582407407407407
0 0.8521614583333333 0.27666666666666667 0.06640625 0.11277777777777777
