1 0.8914322916666667 0.01587962962962963 0.02671875 0.03175925925925926
1 0.033671875000000004 0.017083333333333332 0.06734375000000001 0.034166666666666665
1 0.8976041666666668 0.2942592592592593 0.20208333333333334 0.5168518518518519
3 0.9553385416666667 0.3496759259259259 0.08932291666666667 0.2787962962962963
1 0.9387760416666667 0.1262962962962963 0.12244791666666667 0.2525925925925926
1 0.2817447916666667 0.49504629629629626 0.2928645833333333 0.4273148148148148
3 0.4483854166666667 0.4472685185185185 0.14354166666666668 0.19305555555555556
1 0.52953125 0.32833333333333337 0.18239583333333334 0.3062962962962963
1 0.8308854166666666 0.7902777777777777 0.279375 0.41759259259259257
1 0.7981770833333334 0.5143055555555556 0.17729166666666665 0.32601851851851854
1 0.6392447916666667 0.5356944444444444 0.16296875 0.3237962962962963
3 0.8049999999999999 0.04805555555555555 0.15364583333333334 0.0961111111111111
