1 0.09734374999999999 0.5025925925925927 0.09822916666666666 0.17351851851851852
1 0.020911458333333334 0.4375925925925926 0.04182291666666667 0.04037037037037037
3 0.27846354166666665 0.34509259259259256 0.09546875 0.19666666666666668
1 0.514453125 0.6356944444444446 0.12328125 0.15805555555555553
1 0.7530208333333334 0.10810185185185185 0.13510416666666666 0.2162037037037037
1 0.9139583333333333 0.352962962962963 0.14552083333333332 0.28629629629629627
1 0.199921875 0.29083333333333333 0.12932291666666668 0.17962962962962964
1 0.3763020833333333 0.8354166666666667 0.05354166666666667 0.04935185185185185
1 0.4865364583333333 0.37907407407407406 0.05546875 0.09259259259259259
3 0.6031510416666667 0.16722222222222224 0.14526041666666664 0.16092592592592594
2 0.9297395833333334 0.7045833333333333 0.14052083333333334 0.029166666666666667
2 0.9188020833333334 0.6260185185185185 0.16239583333333335 0.03222222222222222
0 0.7021875000000001 0.8462037037037037 0.027291666666666665 0.14907407407407408
1 0.6062239583333333 0.5743055555555555 0.27453125 0.3750925925925926
1 0.44830729166666666 0.8748148148148148 0.29651041666666667 0.25037037037037035
3 0.5129947916666667 0.46976851851851853 0.07223958333333333 0.19842592592592595
