1 0.6351302083333333 0.750787037037037 0.24963541666666667 0.245462962962963
3 0.78515625 0.6204166666666666 0.16541666666666668 0.25972222222222224
1 0.9452864583333334 0.17949074074074073 0.10942708333333333 0.19305555555555556
1 0.14544270833333334 0.09212962962962963 0.23619791666666667 0.18425925925925926
3 0.15007812499999998 0.38037037037037036 0.30015624999999996 0.7607407407407407
3 0.3448697916666667 0.09226851851851853 0.18546875000000002 0.18453703703703705
1 0.22716145833333334 0.45180555555555557 0.040989583333333336 0.08546296296296296
3 0.9589322916666666 0.7198148148148148 0.08213541666666666 0.23166666666666666
1 0.010052083333333333 0.7104629629629631 0.020104166666666666 0.16796296296296298
3 0.3532291666666667 0.7311574074074074 0.21302083333333333 0.3662037037037037
1 0.64703125 0.5749074074074074 0.04645833333333334 0.04833333333333334
1 0.7258072916666668 0.6602777777777779 0.016822916666666667 0.0387037037037037
