1 0.73296875 0.6145370370370371 0.2598958333333333 0.6668518518518519
1 0.3103645833333334 0.5053240740740741 0.29250000000000004 0.30842592592592594
1 0.074921875 0.2701851851851852 0.14984375 0.5403703703703704
3 0.5077083333333333 0.49124999999999996 0.25604166666666667 0.4697222222222222
1 0.9617968749999999 0.7393981481481481 0.07640625 0.4139814814814815
1 0.6762760416666667 0.34875 0.07526041666666666 0.0723148148148148
3 0.6127864583333333 0.5199537037037038 0.04796875 0.0925
1 0.8592708333333333 0.2234722222222222 0.094375 0.19583333333333333
3 0.03338541666666666 0.883425925925926 0.06677083333333332 0.23314814814814816
1 0.03401041666666667 0.06888888888888889 0.06802083333333334 0.13777777777777778
3 0.7011458333333332 0.3661111111111111 0.13083333333333333 0.19074074074074074
3 0.22768229166666665 0.27249999999999996 0.20776041666666664 0.1335185185185185
