3 0.7083854166666667 0.42462962962962963 0.11979166666666667 0.4644444444444445
1 0.30140625000000004 0.3277777777777778 0.09416666666666668 0.257962962962963
1 0.495859375 0.23476851851851852 0.21973958333333332 0.29583333333333334
1 0.5064583333333333 0.7824074074074074 0.134375 0.11962962962962961
1 0.5983854166666667 0.3886111111111111 0.14270833333333333 0.15962962962962962
0 0.9536979166666666 0.1727777777777778 0.06260416666666667 0.09777777777777777
3 0.8838020833333334 0.2637037037037037 0.13614583333333333 0.19796296296296298
1 0.10434895833333332 0.11513888888888889 0.20869791666666665 0.23027777777777778
1 0.3828125 0.9241666666666667 0.13260416666666666 0.1512962962962963
1 0.39171875 0.8195833333333334 0.12625 0.10546296296296297
