3 0.6891406250000001 0.39328703703703705 0.29046875 0.5017592592592592
3 0.62953125 0.8015277777777777 0.11239583333333333 0.1534259259259259
1 0.5808072916666667 0.8180092592592593 0.07598958333333333 0.10268518518518518
1 0.7413020833333334 0.7538888888888888 0.15322916666666667 0.22203703703703706
1 0.8921614583333334 0.9021296296296297 0.1677604166666667 0.19574074074074074
1 0.9848958333333333 0.9397222222222222 0.030208333333333334 0.051111111111111114
1 0.9551822916666667 0.6686574074074074 0.06526041666666667 0.11972222222222223
3 0.410703125 0.07662037037037037 0.13401041666666666 0.15324074074074073
1 0.42578125 0.12689814814814815 0.1859375 0.11435185185185186
1 0.3512239583333333 0.39310185185185187 0.14630208333333333 0.13657407407407407
1 0.353671875 0.53625 0.029114583333333333 0.11601851851851852
1 0.3606770833333333 0.6965740740740741 0.09229166666666666 0.09481481481481482
1 0.296484375 0.660324074074074 0.10911458333333333 0.10342592592592594
