0 0.8235416666666666 0.6968055555555556 0.10427083333333333 0.30712962962962964
1 0.9158333333333333 0.3464814814814815 0.16833333333333333 0.29870370370370375
3 0.944609375 0.569675925925926 0.11078125 0.2986111111111111
1 0.9686197916666667 0.7408796296296297 0.06276041666666667 0.1813888888888889
1 0.8356250000000001 0.4644444444444445 0.12291666666666666 0.1488888888888889
1 0.9210156250000001 0.1362037037037037 0.15796875000000002 0.16055555555555556
1 0.8025520833333334 0.0762037037037037 0.20208333333333334 0.1524074074074074
1 0.618671875 0.4532407407407407 0.11515625 0.3911111111111111
1 0.4989322916666667 0.6337499999999999 0.13640624999999998 0.13805555555555554
0 0.2689583333333333 0.12731481481481483 0.11447916666666667 0.25462962962962965
