1 0.04416666666666667 0.7391666666666666 0.08833333333333333 0.2738888888888889
1 0.8343489583333333 0.5802314814814815 0.19505208333333332 0.2875
1 0.9615364583333332 0.7638425925925927 0.07692708333333333 0.10972222222222222
1 0.8806770833333333 0.10708333333333334 0.0990625 0.12435185185185187
1 0.488046875 0.4911111111111111 0.23463541666666668 0.3466666666666666
1 0.8510416666666667 0.25356481481481485 0.1334375 0.19527777777777777
1 0.3419270833333333 0.2743055555555556 0.06510416666666667 0.16268518518518518
1 0.45789062500000005 0.25074074074074076 0.10567708333333334 0.1587037037037037
3 0.3856510416666667 0.4099074074074074 0.15703125 0.41685185185185186
1 0.055234374999999995 0.15578703703703703 0.11046874999999999 0.26416666666666666
