1 0.7130989583333334 0.928425925925926 0.06244791666666667 0.06981481481481482
3 0.7081510416666666 0.8707870370370371 0.17328125 0.15527777777777776
1 0.22437500000000002 0.6497222222222223 0.44875000000000004 0.607962962962963
1 0.26083333333333336 0.44037037037037036 0.1153125 0.16425925925925927
1 0.44057291666666665 0.8375925925925927 0.16729166666666667 0.2935185185185185
1 0.42916666666666664 0.6716666666666666 0.0984375 0.22092592592592591
1 0.8466666666666666 0.8867592592592592 0.09645833333333333 0.22648148148148148
1 0.029557291666666666 0.913611111111111 0.05473958333333333 0.05537037037037037
1 0.030859375 0.4068981481481481 0.06171875 0.18972222222222224
1 0.8499218749999999 0.5900925925925925 0.30015624999999996 0.2972222222222222
3 0.854140625 0.7076388888888889 0.23338541666666668 0.23416666666666666
1 0.9261458333333333 0.4091203703703704 0.14770833333333336 0.12824074074074074
1 0.9161458333333333 0.11273148148148149 0.16489583333333335 0.15731481481481482
1 0.06783854166666667 0.8245833333333334 0.06817708333333333 0.08231481481481483
1 0.8241145833333333 0.7928240740740741 0.0459375 0.05675925925925926
