1 0.8522135416666666 0.5409722222222222 0.2955729166666667 0.3439814814814815
1 0.7669010416666667 0.7666203703703703 0.17932291666666667 0.1937962962962963
1 0.6190364583333333 0.5839351851851852 0.16223958333333333 0.2247222222222222
3 0.5340104166666666 0.4576851851851852 0.15822916666666667 0.26296296296296295
1 0.6530729166666667 0.4499537037037037 0.14416666666666667 0.16342592592592592
1 0.6008072916666667 0.33259259259259266 0.12692708333333333 0.12944444444444445
1 0.48130208333333335 0.40004629629629623 0.09749999999999999 0.13453703703703704
1 0.048854166666666664 0.5214814814814815 0.043125 0.028703703703703703
1 0.06721354166666667 0.14148148148148149 0.13442708333333334 0.17888888888888888
3 0.9651302083333333 0.022407407407407407 0.06817708333333333 0.044814814814814814
1 0.072265625 0.6228703703703704 0.14453125 0.1733333333333333
1 0.16127604166666665 0.6512962962962963 0.23765625 0.4859259259259259
1 0.15966145833333334 0.28217592592592594 0.27505208333333336 0.2358333333333333
