1 0.4169010416666667 0.5090277777777777 0.30546875 0.3952777777777778
1 0.5803645833333333 0.17453703703703705 0.20093750000000002 0.2872222222222222
0 0.6150260416666667 0.324675925925926 0.12911458333333334 0.10101851851851851
0 0.053125 0.5390740740740741 0.10625 0.16685185185185183
1 0.05393229166666667 0.24027777777777778 0.10786458333333333 0.13314814814814815
1 0.04596354166666667 0.6973611111111111 0.09192708333333334 0.22453703703703703
0 0.6783072916666667 0.464537037037037 0.08588541666666667 0.19685185185185183
1 0.370234375 0.7681481481481481 0.22328125 0.4409259259259259
1 0.29546875000000006 0.6905092592592592 0.07677083333333333 0.1275
1 0.7426302083333333 0.5734722222222223 0.12630208333333334 0.19398148148148148
1 0.5052083333333334 0.33162037037037034 0.1334375 0.1212037037037037
1 0.27432291666666664 0.047824074074074074 0.11541666666666667 0.09564814814814815
1 0.6685677083333332 0.7764351851851852 0.07380208333333332 0.20120370370370372
3 0.9629687499999999 0.2039351851851852 0.07406249999999999 0.08157407407407406
0 0.9482812500000001 0.026296296296296293 0.1034375 0.05259259259259259
1 0.86859375 0.8232407407407407 0.2278125 0.3535185185185185
3 0.7065104166666667 0.8109259259259259 0.15364583333333334 0.3781481481481481
1 0.9007291666666666 0.669212962962963 0.19854166666666667 0.4489814814814815
