1 0.04658854166666667 0.3940740740740741 0.09317708333333334 0.14814814814814814
1 0.8113541666666666 0.1601388888888889 0.2520833333333333 0.3202777777777778
1 0.823515625 0.3164351851851852 0.23213541666666665 0.2313888888888889
1 0.03947916666666666 0.7235185185185184 0.07895833333333332 0.05740740740740741
1 0.22020833333333334 0.6430555555555556 0.3891666666666667 0.3661111111111111
1 0.011302083333333332 0.5375462962962964 0.022604166666666665 0.0700925925925926
1 0.3658333333333334 0.46935185185185185 0.295625 0.5153703703703704
1 0.7065885416666667 0.44000000000000006 0.046302083333333334 0.10851851851851853
1 0.7907291666666667 0.508888888888889 0.12208333333333334 0.11148148148148149
1 0.7022135416666667 0.3171759259259259 0.03380208333333334 0.0925
1 0.69546875 0.06847222222222223 0.10729166666666666 0.13694444444444445
