1 0.12442708333333334 0.46041666666666664 0.11510416666666666 0.2237962962962963
2 0.013489583333333333 0.3513425925925926 0.026979166666666665 0.03935185185185185
1 0.2768489583333333 0.37245370370370373 0.2678645833333333 0.3465740740740741
1 0.23421875000000003 0.2026388888888889 0.030312500000000003 0.06805555555555555
0 0.83921875 0.7474999999999999 0.11260416666666666 0.2051851851851852
1 0.8918489583333333 0.7520370370370371 0.10526041666666666 0.29314814814814816
1 0.9290364583333334 0.47333333333333333 0.14192708333333334 0.16999999999999998
1 0.9805989583333333 0.24962962962962965 0.038802083333333334 0.11851851851851852
3 0.06901041666666667 0.6657407407407407 0.13802083333333334 0.2409259259259259
3 0.19622395833333334 0.5053703703703704 0.12651041666666668 0.39796296296296296
3 0.11354166666666667 0.6833333333333333 0.057187499999999995 0.07703703703703704
3 0.1408333333333333 0.6899537037037037 0.06958333333333333 0.20694444444444443
1 0.20520833333333333 0.1386574074074074 0.26218749999999996 0.2773148148148148
1 0.026119791666666666 0.4575 0.05223958333333333 0.1774074074074074
