1 0.5441927083333333 0.8472222222222222 0.16567708333333334 0.23166666666666666
3 0.7386979166666666 0.7259722222222221 0.12427083333333333 0.1391666666666667
3 0.8481510416666667 0.052453703703703704 0.16067708333333333 0.10490740740740741
1 0.5295052083333334 0.6412037037037037 0.07015624999999999 0.11537037037037036
1 0.5379166666666666 0.4156944444444444 0.028645833333333332 0.038981481481481485
1 0.6397656250000001 0.4318518518518518 0.11369791666666668 0.06185185185185185
1 0.48585937500000004 0.5027314814814815 0.040364583333333336 0.06546296296296296
3 0.5702604166666667 0.5144444444444445 0.14291666666666666 0.16314814814814813
3 0.7160416666666667 0.8016666666666666 0.08458333333333333 0.11629629629629629
1 0.7463541666666667 0.17726851851851852 0.3754166666666666 0.35453703703703704
