1 0.9200260416666667 0.7969907407407407 0.12703125 0.2063888888888889
1 0.095390625 0.8123148148148148 0.15953125 0.1738888888888889
1 0.5689583333333333 0.7113425925925926 0.15197916666666667 0.3013888888888889
1 0.7334375000000001 0.8055092592592593 0.15333333333333332 0.13935185185185187
1 0.9650520833333333 0.47874999999999995 0.06989583333333332 0.16972222222222225
3 0.9370833333333334 0.19685185185185183 0.12583333333333332 0.3498148148148148
3 0.721484375 0.2547685185185185 0.17036458333333335 0.12768518518518518
0 0.5890885416666668 0.3471759259259259 0.2847395833333334 0.29898148148148146
1 0.21283854166666666 0.300462962962963 0.06994791666666668 0.2855555555555555
1 0.32731770833333335 0.6874074074074074 0.31963541666666667 0.2798148148148148
3 0.23619791666666667 0.49337962962962956 0.171875 0.24157407407407405
