1 0.540859375 0.809537037037037 0.2068229166666667 0.3112962962962963
1 0.9378645833333333 0.8123611111111111 0.12427083333333333 0.37527777777777777
1 0.9494270833333333 0.6143518518518518 0.10114583333333332 0.2542592592592593
1 0.9500520833333332 0.9222222222222223 0.0803125 0.15555555555555556
1 0.7305729166666667 0.21912037037037038 0.09052083333333334 0.2073148148148148
1 0.4875 0.6148148148148148 0.06979166666666667 0.1912962962962963
1 0.39320312500000004 0.7499537037037037 0.12546875 0.14157407407407407
3 0.34533854166666667 0.21453703703703703 0.14692708333333335 0.415
1 0.3100520833333333 0.3803240740740741 0.11333333333333333 0.16212962962962962
1 0.14049479166666667 0.29976851851851855 0.28098958333333335 0.3375
