1 0.25921875 0.9443518518518518 0.10354166666666667 0.1112962962962963
1 0.26848958333333334 0.16768518518518521 0.12083333333333333 0.0762962962962963
1 0.46955729166666665 0.8264351851851851 0.28671875 0.31787037037037036
1 0.4338020833333333 0.4938425925925926 0.11395833333333334 0.2586111111111111
1 0.2724739583333334 0.6540740740740741 0.2724479166666667 0.5622222222222223
1 0.09026041666666668 0.9006481481481481 0.07072916666666668 0.1987037037037037
1 0.08903645833333333 0.16810185185185186 0.17807291666666666 0.2663888888888889
3 0.14697916666666666 0.1909722222222222 0.11041666666666666 0.1549074074074074
1 0.8901302083333333 0.6009722222222221 0.21973958333333332 0.5756481481481482
3 0.508671875 0.5497685185185185 0.2728645833333333 0.5652777777777778
1 0.520390625 0.6736111111111112 0.06734375000000001 0.05685185185185185
