1 0.5266406250000001 0.22421296296296298 0.19484375 0.2671296296296296
1 0.9608333333333333 0.6818055555555556 0.07833333333333334 0.1826851851851852
1 0.7690364583333335 0.7893055555555556 0.39807291666666667 0.4213888888888889
1 0.40911458333333334 0.6109722222222222 0.35614583333333333 0.3326851851851852
1 0.5475 0.9339351851851851 0.10729166666666666 0.13212962962962962
3 0.9655989583333333 0.8201851851851851 0.06880208333333333 0.09888888888888889
1 0.092421875 0.39643518518518517 0.11619791666666666 0.2326851851851852
1 0.7770052083333333 0.10310185185185185 0.12276041666666666 0.2062037037037037
1 0.678125 0.09509259259259258 0.043125 0.08296296296296296
1 0.9428385416666667 0.35208333333333336 0.11432291666666666 0.25416666666666665
