1 0.8350520833333335 0.3924537037037037 0.12802083333333333 0.17583333333333334
1 0.626875 0.9168981481481482 0.11927083333333334 0.16620370370370371
1 0.7273697916666666 0.7975925925925926 0.046614583333333334 0.13092592592592592
1 0.9564322916666668 0.5370370370370371 0.08713541666666667 0.13537037037037036
3 0.06231770833333334 0.7063888888888888 0.11661458333333334 0.0862962962962963
1 0.19536458333333334 0.5105092592592593 0.2598958333333333 0.5791666666666667
3 0.22158854166666667 0.44523148148148145 0.040364583333333336 0.06046296296296296
3 0.2019010416666667 0.6512962962962963 0.09223958333333333 0.15814814814814815
3 0.08192708333333334 0.7194907407407407 0.1638541666666667 0.42509259259259263
3 0.14049479166666667 0.7498611111111111 0.08244791666666668 0.04472222222222222
3 0.34934895833333335 0.11092592592592593 0.18057291666666667 0.22185185185185186
1 0.7086458333333334 0.642824074074074 0.16114583333333332 0.19490740740740742
