1 0.27057291666666666 0.8561574074074074 0.1390625 0.2569444444444444
3 0.0228125 0.5650462962962963 0.045625 0.19935185185185186
3 0.9190625000000001 0.2853703703703704 0.16187500000000002 0.15222222222222223
3 0.9066666666666667 0.06032407407407408 0.09885416666666667 0.12064814814814816
3 0.9696354166666666 0.19166666666666668 0.06072916666666666 0.0811111111111111
1 0.5790625000000001 0.3675925925925926 0.32093750000000004 0.4201851851851852
1 0.49927083333333333 0.2440277777777778 0.11677083333333332 0.17509259259259258
1 0.90296875 0.6991203703703703 0.1940625 0.23527777777777778
1 0.35388020833333333 0.8589814814814816 0.18401041666666668 0.18333333333333332
1 0.07674479166666666 0.434212962962963 0.15348958333333332 0.24138888888888888
1 0.18411458333333333 0.7394907407407407 0.08322916666666667 0.21027777777777779
