1 0.071640625 0.15393518518518517 0.14328125 0.10675925925925926
3 0.5252864583333333 0.018287037037037036 0.08161458333333332 0.03657407407407407
1 0.6208072916666667 0.7135648148148149 0.2641145833333333 0.2749074074074074
1 0.32203125 0.6212037037037037 0.171875 0.11629629629629629
1 0.126015625 0.6324074074074074 0.05473958333333333 0.07351851851851852
1 0.8779947916666667 0.048935185185185186 0.20838541666666668 0.09787037037037037
1 0.18802083333333333 0.026481481481481484 0.039375 0.05296296296296297
1 0.5704947916666666 0.4588888888888889 0.14578125 0.16092592592592594
1 0.946484375 0.19814814814814816 0.09401041666666667 0.1111111111111111
1 0.35354166666666664 0.13078703703703703 0.12447916666666667 0.08305555555555556
1 0.366015625 0.3564351851851852 0.05838541666666666 0.16157407407407406
