1 0.9187239583333333 0.7838425925925926 0.16255208333333335 0.31953703703703706
3 0.41458333333333336 0.48574074074074075 0.32416666666666666 0.487962962962963
1 0.18265625000000002 0.390462962962963 0.063125 0.16962962962962963
1 0.6241145833333334 0.627361111111111 0.13385416666666666 0.14657407407407408
0 0.7719010416666667 0.547175925925926 0.07619791666666667 0.09953703703703703
3 0.8866145833333334 0.4412962962962963 0.18270833333333333 0.3412962962962963
1 0.8383333333333333 0.7548148148148147 0.15812500000000002 0.2461111111111111
1 0.15494791666666666 0.06430555555555556 0.18697916666666667 0.12861111111111112
1 0.03515625 0.5023148148148148 0.057604166666666665 0.0961111111111111
3 0.03296875 0.3020833333333333 0.0659375 0.19824074074074075
