1 0.23247395833333334 0.6697222222222222 0.4649479166666667 0.3559259259259259
3 0.39575520833333333 0.8621296296296297 0.12223958333333333 0.2594444444444444
1 0.6817708333333333 0.25333333333333335 0.17895833333333336 0.15425925925925926
1 0.7918489583333332 0.6690277777777778 0.27411458333333333 0.27805555555555556
1 0.7542708333333333 0.9145370370370369 0.2864583333333333 0.17092592592592593
3 0.07416666666666667 0.16300925925925924 0.03208333333333333 0.056388888888888884
3 0.13658854166666667 0.08018518518518518 0.04140625 0.11481481481481481
3 0.957421875 0.0362962962962963 0.08515625 0.0725925925925926
1 0.5767447916666666 0.4403703703703704 0.07244791666666667 0.12092592592592592
1 0.6699479166666666 0.4086574074074074 0.07583333333333334 0.0575
3 0.14182291666666666 0.8419907407407407 0.2836458333333333 0.2573148148148148
