1 0.9736197916666668 0.649074074074074 0.052760416666666664 0.1814814814814815
1 0.3388802083333333 0.1522685185185185 0.07932291666666667 0.18768518518518518
3 0.3176041666666667 0.3478703703703704 0.03927083333333334 0.08481481481481482
1 0.17825520833333333 0.4056018518518519 0.28286458333333336 0.36712962962962964
1 0.12606770833333333 0.725324074074074 0.25213541666666667 0.5493518518518518
1 0.3172916666666667 0.5839814814814814 0.20124999999999998 0.19981481481481483
1 0.07216145833333334 0.13449074074074074 0.06494791666666667 0.13194444444444445
1 0.09630208333333333 0.2338888888888889 0.16802083333333334 0.18462962962962964
3 0.23484375000000002 0.267037037037037 0.14093750000000002 0.27166666666666667
3 0.04578125 0.4035648148148148 0.0915625 0.48490740740740745
1 0.5245833333333334 0.6156481481481482 0.12614583333333332 0.17222222222222222
3 0.9743229166666667 0.48777777777777775 0.051354166666666666 0.1590740740740741
