2 0.7683072916666666 0.6574999999999999 0.10526041666666666 0.2662962962962963
3 0.5955989583333333 0.18125 0.16317708333333333 0.17379629629629628
1 0.024427083333333332 0.4833796296296296 0.048854166666666664 0.22138888888888889
0 0.4797916666666666 0.1724074074074074 0.18270833333333333 0.3448148148148148
1 0.6288802083333334 0.6792592592592592 0.2072395833333333 0.10185185185185185
1 0.5715885416666667 0.7533796296296297 0.10244791666666667 0.14157407407407407
1 0.7102604166666667 0.7416666666666667 0.043125 0.04055555555555555
1 0.8240885416666667 0.6815277777777777 0.10734375 0.28064814814814815
1 0.11653645833333333 0.13157407407407407 0.13796875 0.1288888888888889
1 0.13197916666666665 0.1864814814814815 0.11645833333333333 0.14722222222222223
1 0.19692708333333334 0.6116203703703703 0.30520833333333336 0.6773148148148148
