1 0.9163281249999999 0.19370370370370368 0.15661458333333333 0.352962962962963
1 0.7871354166666668 0.7642592592592592 0.274375 0.47148148148148145
1 0.0053124999999999995 0.5550925925925926 0.010624999999999999 0.06555555555555555
1 0.6054947916666666 0.9568055555555557 0.10859375 0.08638888888888889
1 0.807109375 0.7082407407407408 0.20515624999999998 0.34870370370370374
1 0.05078125 0.4028703703703704 0.1015625 0.16166666666666665
3 0.6169010416666667 0.34138888888888885 0.15619791666666666 0.15
3 0.6459375 0.17300925925925925 0.37093750000000003 0.3460185185185185
1 0.9521614583333332 0.8627777777777778 0.09567708333333333 0.14814814814814814
1 0.9193229166666668 0.5705555555555556 0.16135416666666666 0.5111111111111111
1 0.494921875 0.41537037037037033 0.10348958333333333 0.24388888888888888
1 0.39809895833333336 0.6390277777777779 0.08484375000000001 0.1212037037037037
