1 0.12666666666666665 0.33990740740740744 0.1834375 0.41203703703703703
3 0.8206249999999999 0.9759722222222221 0.131875 0.04805555555555555
1 0.9326562500000001 0.3346296296296296 0.13458333333333333 0.48777777777777775
3 0.8827864583333334 0.22569444444444445 0.20463541666666665 0.2647222222222222
3 0.6704166666666667 0.10421296296296297 0.24416666666666667 0.20842592592592593
1 0.5863541666666666 0.11324074074074075 0.1798958333333333 0.14333333333333334
1 0.655703125 0.37453703703703706 0.17807291666666666 0.34074074074074073
1 0.5816927083333333 0.600462962962963 0.13598958333333336 0.15592592592592594
1 0.7467708333333333 0.5489351851851852 0.15635416666666666 0.18916666666666668
1 0.3246875000000001 0.14472222222222222 0.2576041666666667 0.28944444444444445
1 0.06083333333333333 0.4935185185185185 0.12166666666666666 0.18555555555555556
1 0.0057552083333333335 0.6315277777777777 0.011510416666666667 0.059722222222222225
