1 0.19559895833333332 0.5768055555555556 0.18901041666666665 0.3584259259259259
1 0.2688802083333333 0.31449074074074074 0.14546875 0.22453703703703703
3 0.04927083333333333 0.4484722222222222 0.09854166666666667 0.16972222222222225
1 0.943359375 0.5384722222222221 0.11328125 0.23824074074074075
1 0.7844010416666668 0.5377314814814815 0.03140625 0.030462962962962963
1 0.8248177083333333 0.48032407407407407 0.11994791666666667 0.07824074074074074
1 0.19148437499999998 0.7968518518518519 0.25171875 0.4062962962962963
1 0.7569270833333334 0.1928703703703704 0.19489583333333332 0.23870370370370372
1 0.8819531250000001 0.34018518518518515 0.23609375000000002 0.2414814814814815
1 0.9668489583333334 0.2600925925925926 0.06630208333333333 0.11962962962962961
0 0.8797135416666667 0.7268518518518519 0.11942708333333334 0.34444444444444444
1 0.787890625 0.6481481481481481 0.10703125 0.20296296296296296
3 0.9846614583333333 0.770462962962963 0.030677083333333334 0.07111111111111111
