1 0.5917708333333334 0.6149074074074075 0.17479166666666668 0.5048148148148148
3 0.3421354166666667 0.8914351851851852 0.19041666666666668 0.21712962962962962
1 0.4175520833333333 0.6380092592592593 0.10656249999999999 0.15175925925925926
1 0.6177083333333333 0.8022222222222222 0.2419791666666667 0.20703703703703702
1 0.40041666666666664 0.4465277777777778 0.2602083333333333 0.2569444444444444
1 0.4719010416666667 0.703425925925926 0.13276041666666666 0.4124074074074074
1 0.47096354166666665 0.15592592592592594 0.13994791666666667 0.24962962962962965
1 0.8326822916666666 0.17250000000000001 0.06140625 0.10851851851851853
1 0.7397916666666667 0.5435185185185185 0.27447916666666666 0.2701851851851852
1 0.7186458333333333 0.13898148148148148 0.16822916666666668 0.27796296296296297
