1 0.20466145833333332 0.34222222222222226 0.3350520833333333 0.595925925925926
3 0.430859375 0.7575462962962963 0.11963541666666666 0.47472222222222227
3 0.2699479166666666 0.8312962962962962 0.22624999999999998 0.3374074074074074
1 0.9532031249999999 0.7132407407407407 0.09359374999999999 0.41759259259259257
1 0.6701562499999999 0.6401388888888888 0.28375 0.3517592592592592
3 0.478125 0.6843981481481481 0.0815625 0.28583333333333333
3 0.5614843749999999 0.6681944444444444 0.15348958333333332 0.35953703703703704
1 0.499140625 0.8812962962962962 0.10067708333333333 0.23740740740740737
1 0.35192708333333333 0.7876388888888889 0.13916666666666666 0.3578703703703704
1 0.25177083333333333 0.6531018518518519 0.07760416666666667 0.03861111111111112
1 0.2838802083333334 0.10615740740740741 0.05151041666666667 0.15231481481481482
1 0.4125520833333333 0.41490740740740745 0.18375 0.4161111111111111
