1 0.049374999999999995 0.8281018518518519 0.09874999999999999 0.3437962962962963
1 0.11190104166666666 0.6636111111111112 0.22380208333333332 0.5020370370370371
3 0.8763541666666667 0.35421296296296295 0.19427083333333334 0.33805555555555555
3 0.9245572916666666 0.4643055555555555 0.15088541666666666 0.2889814814814815
1 0.8648697916666667 0.2463425925925926 0.045885416666666665 0.06805555555555555
1 0.6588020833333333 0.8971759259259259 0.11822916666666666 0.20564814814814814
3 0.734765625 0.1150462962962963 0.3106770833333333 0.2300925925925926
1 0.45893229166666666 0.5066203703703703 0.5596354166666667 0.6458333333333334
3 0.24640625000000002 0.15439814814814815 0.11364583333333332 0.15787037037037038
1 0.6069270833333333 0.4088888888888889 0.3045833333333333 0.3705555555555555
1 0.5125260416666666 0.7668055555555555 0.09130208333333334 0.1289814814814815
