1 0.5566145833333334 0.1889814814814815 0.20760416666666667 0.28203703703703703
1 0.3250520833333333 0.03337962962962963 0.06333333333333332 0.06675925925925925
3 0.7040885416666666 0.17537037037037037 0.15869791666666666 0.23277777777777778
1 0.2797395833333333 0.7294907407407406 0.12385416666666667 0.23712962962962966
1 0.17268229166666668 0.734074074074074 0.21859375 0.24962962962962965
3 0.04716145833333333 0.3891203703703704 0.09432291666666666 0.3017592592592592
1 0.05395833333333333 0.5602314814814815 0.10791666666666666 0.17194444444444443
1 0.10890625 0.7416203703703704 0.2178125 0.3756481481481481
1 0.048515625 0.3073611111111111 0.09703125 0.17009259259259257
1 0.210078125 0.4479166666666667 0.10546875 0.09805555555555556
1 0.22757812500000002 0.5499074074074074 0.2847395833333334 0.2859259259259259
3 0.129921875 0.21162037037037038 0.12328125 0.2828703703703704
1 0.9004166666666666 0.8171759259259259 0.19916666666666666 0.26564814814814813
1 0.3129947916666667 0.465787037037037 0.10755208333333334 0.17287037037037037
