3 0.7697916666666667 0.45902777777777776 0.1475 0.2828703703703704
3 0.051432291666666664 0.08560185185185186 0.10286458333333333 0.17120370370370372
0 0.20822916666666666 0.08601851851851852 0.12729166666666666 0.17203703703703704
1 0.27036458333333335 0.44958333333333333 0.32947916666666666 0.2639814814814815
1 0.354921875 0.4164351851851852 0.19953125000000002 0.17064814814814816
1 0.19453125 0.3625 0.060625000000000005 0.10777777777777778
3 0.45005208333333335 0.43953703703703706 0.11197916666666667 0.3214814814814815
1 0.8825260416666667 0.3099074074074074 0.11921875 0.11851851851851852
1 0.9329427083333334 0.5245833333333333 0.13411458333333334 0.31972222222222224
0 0.7019270833333333 0.30930555555555556 0.0228125 0.031018518518518518
3 0.759140625 0.7586574074074074 0.09848958333333332 0.07361111111111111
3 0.823046875 0.862824074074074 0.34046875000000004 0.24064814814814814
