1 0.5187760416666667 0.34523148148148153 0.13380208333333332 0.11675925925925926
1 0.389453125 0.6151388888888889 0.39026041666666667 0.769537037037037
1 0.43247395833333335 0.17273148148148149 0.02432291666666667 0.04379629629629629
1 0.18661458333333333 0.2698611111111111 0.14114583333333333 0.1112037037037037
1 0.454375 0.21217592592592593 0.006354166666666666 0.05861111111111111
3 0.06861979166666667 0.5041203703703704 0.13723958333333333 0.5126851851851852
1 0.24075520833333333 0.6834259259259259 0.23015624999999998 0.6331481481481481
1 0.7242968750000001 0.5662499999999999 0.13536458333333332 0.22990740740740742
3 0.6739322916666667 0.2605092592592592 0.21307291666666667 0.4212037037037037
1 0.818515625 0.3151851851851852 0.26223958333333336 0.35074074074074074
2 0.42296875 0.2722685185185185 0.07260416666666666 0.544537037037037
3 0.18393229166666666 0.20351851851851852 0.14651041666666667 0.08444444444444445
1 0.41182291666666665 0.26199074074074075 0.07375 0.12694444444444444
