0 0.11375 0.7150462962962963 0.20354166666666668 0.22490740740740742
1 0.9245052083333333 0.45976851851851847 0.15098958333333332 0.26601851851851854
1 0.9097135416666666 0.7468055555555555 0.18057291666666667 0.41194444444444445
1 0.8805208333333333 0.6362962962962964 0.16677083333333334 0.1724074074074074
1 0.730625 0.5532407407407407 0.11958333333333333 0.09314814814814815
1 0.47455729166666666 0.8456018518518519 0.16119791666666666 0.2125
1 0.764921875 0.7366666666666667 0.10994791666666666 0.30833333333333335
1 0.569765625 0.4237962962962963 0.11921875 0.12277777777777778
1 0.08716145833333333 0.29587962962962966 0.17432291666666666 0.3287962962962963
1 0.38359375 0.46175925925925926 0.05375 0.05814814814814814
1 0.1354947916666667 0.5049537037037037 0.23703125 0.27749999999999997
1 0.22760416666666666 0.04560185185185185 0.13385416666666666 0.0912037037037037
1 0.17122395833333334 0.741574074074074 0.07328124999999999 0.07648148148148147
1 0.20692708333333334 0.6845833333333333 0.04708333333333334 0.05824074074074074
1 0.44450520833333335 0.3812962962962963 0.14411458333333332 0.12444444444444445
