1 0.25783854166666664 0.4885648148148148 0.10244791666666667 0.20805555555555555
1 0.6967708333333333 0.8125462962962963 0.11177083333333333 0.15138888888888888
1 0.1466927083333333 0.67625 0.061614583333333334 0.08694444444444445
1 0.7227604166666666 0.5783796296296296 0.1490625 0.1325
0 0.714453125 0.16138888888888886 0.11567708333333333 0.039074074074074074
1 0.9269791666666667 0.6478703703703704 0.14604166666666665 0.41148148148148145
1 0.3223697916666667 0.37796296296296295 0.11598958333333333 0.25407407407407406
1 0.9370833333333334 0.36541666666666667 0.12583333333333332 0.21935185185185185
1 0.17028645833333333 0.5698148148148148 0.10265624999999999 0.17148148148148148
1 0.21630208333333334 0.8814351851851853 0.296875 0.23712962962962966
