1 0.44390625000000006 0.934537037037037 0.063125 0.13092592592592592
1 0.5080729166666667 0.6845833333333333 0.26479166666666665 0.6302777777777778
1 0.5977604166666667 0.39282407407407405 0.1940625 0.1923148148148148
1 0.05088541666666667 0.6106481481481482 0.10177083333333334 0.21462962962962964
3 0.3065625 0.30444444444444446 0.3277083333333334 0.38407407407407407
3 0.9541406250000001 0.33370370370370367 0.09171875 0.16611111111111113
1 0.03046875 0.36666666666666664 0.0609375 0.1446296296296296
1 0.24169270833333334 0.4660648148148148 0.04151041666666667 0.07287037037037038
1 0.10684895833333333 0.2184722222222222 0.07661458333333333 0.08157407407407406
1 0.170390625 0.10037037037037037 0.2619270833333333 0.20074074074074075
1 0.59703125 0.8782407407407408 0.0715625 0.14722222222222223
1 0.5831770833333334 0.7633796296296297 0.1259375 0.2980555555555555
1 0.5055989583333333 0.6196296296296296 0.055572916666666666 0.10685185185185185
1 0.48856770833333335 0.9708333333333333 0.024427083333333332 0.058333333333333334
