1 0.3539583333333333 0.2679166666666667 0.18781250000000002 0.3047222222222222
3 0.20119791666666667 0.14851851851851852 0.37583333333333335 0.29703703703703704
1 0.07914062499999999 0.38578703703703704 0.15828124999999998 0.45046296296296295
1 0.11984375 0.37916666666666665 0.03947916666666666 0.11166666666666666
0 0.29671875000000003 0.5075462962962963 0.08791666666666667 0.25435185185185183
1 0.36070312499999996 0.5659259259259259 0.3238020833333334 0.5549999999999999
1 0.4048697916666667 0.7715277777777778 0.03828125 0.0275
1 0.4484635416666667 0.7668518518518518 0.02484375 0.026481481481481484
1 0.61796875 0.12180555555555557 0.11437499999999999 0.19453703703703704
1 0.9373697916666667 0.12337962962962963 0.04463541666666667 0.15712962962962962
3 0.92828125 0.4260185185185185 0.1434375 0.2761111111111111
1 0.8613802083333333 0.5093055555555556 0.19828125 0.10324074074074074
1 0.6252604166666667 0.3518055555555556 0.24875 0.20583333333333334
