1 0.4240625 0.8186111111111112 0.171875 0.3627777777777778
1 0.6476822916666667 0.7796759259259259 0.09109375 0.22694444444444445
1 0.039296875 0.8393981481481481 0.07859375 0.22694444444444445
1 0.21106770833333333 0.9373611111111111 0.30151041666666667 0.1252777777777778
1 0.10786458333333333 0.5662499999999999 0.21572916666666667 0.44787037037037036
1 0.5530468749999999 0.826712962962963 0.10078125 0.14138888888888887
1 0.48385416666666664 0.8343981481481482 0.04052083333333333 0.14138888888888887
1 0.16182291666666665 0.8231944444444445 0.1996875 0.31601851851851853
1 0.31507812500000004 0.38578703703703704 0.34015625 0.21546296296296294
1 0.29950520833333333 0.07236111111111111 0.14421874999999998 0.14472222222222222
