1 0.19270833333333334 0.727361111111111 0.13385416666666666 0.2619444444444444
1 0.57234375 0.07189814814814816 0.141875 0.1437962962962963
1 0.7778124999999999 0.5367592592592593 0.2159375 0.3642592592592592
3 0.8485416666666665 0.36004629629629625 0.06989583333333332 0.10027777777777777
1 0.9771614583333332 0.6923148148148148 0.04567708333333333 0.09092592592592592
1 0.9103645833333333 0.4482407407407408 0.17927083333333332 0.4238888888888889
1 0.85484375 0.11134259259259259 0.03229166666666667 0.05990740740740741
3 0.9156510416666667 0.18060185185185187 0.11661458333333334 0.11675925925925926
1 0.021171875 0.5541666666666667 0.04234375 0.2701851851851852
1 0.21346354166666667 0.1350462962962963 0.1603645833333333 0.2626851851851852
