1 0.9607552083333333 0.742824074074074 0.07848958333333332 0.17509259259259258
1 0.8391406250000001 0.3061111111111111 0.12838541666666667 0.12277777777777778
1 0.8223958333333333 0.5780555555555557 0.133125 0.0862962962962963
3 0.8640364583333333 0.5007407407407407 0.21484375 0.17425925925925925
1 0.9667187500000001 0.48875 0.0665625 0.09916666666666667
0 0.20260416666666667 0.7593518518518518 0.05354166666666667 0.09518518518518518
1 0.27713541666666663 0.11782407407407407 0.16166666666666665 0.23564814814814813
1 0.11796875 0.35648148148148145 0.12072916666666668 0.22592592592592592
3 0.36359375 0.9093981481481481 0.14229166666666665 0.1812037037037037
3 0.43328125 0.14453703703703702 0.08104166666666666 0.12777777777777777
1 0.5561197916666667 0.4259722222222222 0.03828125 0.045648148148148146
1 0.45864583333333336 0.44092592592592594 0.060625000000000005 0.0575925925925926
1 0.41338541666666667 0.3945370370370371 0.030729166666666665 0.03814814814814815
1 0.6101822916666666 0.63625 0.25088541666666664 0.3136111111111111
1 0.761171875 0.77625 0.20255208333333333 0.36694444444444446
3 0.5191145833333333 0.24587962962962964 0.35562499999999997 0.4615740740740741
