1 0.7813541666666667 0.5248148148148147 0.20354166666666668 0.36592592592592593
1 0.5816145833333333 0.4228703703703704 0.2717708333333333 0.33999999999999997
1 0.5248697916666667 0.670462962962963 0.17057291666666666 0.22944444444444445
1 0.484921875 0.4217592592592593 0.08651041666666666 0.1824074074074074
1 0.96796875 0.08152777777777777 0.0640625 0.16305555555555554
1 0.15611979166666667 0.07958333333333334 0.16348958333333333 0.15916666666666668
3 0.9534375 0.1675 0.08375 0.12722222222222224
1 0.147421875 0.13902777777777778 0.11317708333333334 0.1050925925925926
3 0.119921875 0.15106481481481482 0.23984375 0.24953703703703703
1 0.106015625 0.33231481481481484 0.10453124999999999 0.14037037037037037
1 0.17531249999999998 0.7161111111111111 0.07364583333333334 0.09981481481481481
1 0.06833333333333333 0.8 0.08125 0.07222222222222222
3 0.4370572916666667 0.7678703703703703 0.26067708333333334 0.3987037037037037
1 0.3155208333333333 0.5847222222222223 0.20552083333333335 0.2564814814814815
