1 0.5715104166666667 0.38555555555555554 0.04666666666666666 0.07759259259259259
3 0.6216145833333333 0.07009259259259258 0.0696875 0.1061111111111111
1 0.682265625 0.1513425925925926 0.061614583333333334 0.05675925925925926
1 0.19419270833333335 0.5104166666666666 0.10609375 0.09583333333333334
1 0.6341666666666667 0.3697222222222222 0.063125 0.18259259259259258
1 0.7357291666666668 0.19578703703703704 0.09364583333333334 0.05898148148148148
1 0.84203125 0.12041666666666667 0.31593750000000004 0.24083333333333334
1 0.6946875000000001 0.6142592592592593 0.043645833333333335 0.07111111111111111
3 0.6358593750000001 0.7822222222222222 0.09578125 0.36833333333333335
1 0.34718750000000004 0.19699074074074074 0.131875 0.20657407407407408
1 0.3852604166666666 0.6660648148148148 0.14729166666666668 0.37824074074074077
2 0.08744791666666667 0.6483333333333334 0.17489583333333333 0.1325925925925926
1 0.09346354166666668 0.30916666666666665 0.14848958333333334 0.2451851851851852
1 0.04447916666666667 0.07847222222222222 0.08895833333333333 0.15694444444444444
