3 0.7200520833333334 0.7592592592592593 0.07760416666666667 0.30833333333333335
0 0.13744791666666664 0.14722222222222223 0.2259375 0.29444444444444445
0 0.4135677083333334 0.37671296296296297 0.10567708333333334 0.10250000000000001
1 0.32208333333333333 0.5615740740740741 0.12552083333333333 0.2761111111111111
1 0.17197916666666668 0.5862499999999999 0.2565625 0.3358333333333333
1 0.045182291666666666 0.6606944444444444 0.09036458333333333 0.2587962962962963
1 0.06294270833333333 0.3889814814814815 0.12588541666666667 0.14222222222222222
3 0.43776041666666665 0.6211574074074074 0.3796875 0.5226851851851851
3 0.30471354166666664 0.21046296296296296 0.24390625000000002 0.4209259259259259
1 0.3784895833333334 0.5275000000000001 0.2059375 0.26870370370370367
1 0.90890625 0.34837962962962965 0.1821875 0.32972222222222225
1 0.894375 0.8852777777777778 0.21125000000000002 0.22944444444444445
