1 0.59484375 0.493287037037037 0.1296875 0.09324074074074075
1 0.75859375 0.8111111111111111 0.44729166666666664 0.37777777777777777
1 0.6334114583333333 0.5692592592592592 0.15776041666666665 0.09240740740740741
1 0.6359375 0.28620370370370374 0.25364583333333335 0.25351851851851853
1 0.47130208333333334 0.42564814814814816 0.24958333333333332 0.2681481481481482
3 0.8086979166666667 0.3056018518518518 0.12218749999999999 0.16824074074074072
3 0.8079687500000001 0.1263425925925926 0.17072916666666668 0.19027777777777777
1 0.2905729166666667 0.19662037037037036 0.06239583333333333 0.08731481481481482
3 0.4159635416666667 0.15916666666666668 0.34692708333333333 0.31833333333333336
3 0.06942708333333333 0.5764351851851851 0.13885416666666667 0.3363888888888889
0 0.7140104166666668 0.7348611111111111 0.21062499999999998 0.26046296296296295
1 0.4015625 0.8391666666666666 0.3188541666666667 0.32166666666666666
