3 0.5163020833333333 0.5755092592592592 0.05260416666666667 0.10398148148148148
3 0.7116145833333333 0.37083333333333335 0.08645833333333333 0.16925925925925928
1 0.9155208333333333 0.8018518518518518 0.12822916666666667 0.3155555555555556
1 0.9088802083333333 0.5500925925925926 0.1759895833333333 0.2574074074074074
3 0.9670572916666667 0.41944444444444445 0.06588541666666667 0.16999999999999998
1 0.9077604166666666 0.2743055555555556 0.18447916666666667 0.3619444444444444
3 0.51734375 0.2836111111111111 0.2509375 0.3207407407407407
1 0.7042447916666668 0.10898148148148148 0.05390625 0.10481481481481482
3 0.3474479166666667 0.8117592592592592 0.1171875 0.20333333333333334
1 0.65859375 0.21560185185185188 0.13177083333333334 0.24916666666666668
