1 0.5647395833333333 0.36689814814814814 0.11708333333333334 0.18305555555555555
1 0.5477083333333332 0.5863888888888888 0.1872916666666667 0.34203703703703703
1 0.5406510416666667 0.7906944444444445 0.26005208333333335 0.38787037037037037
1 0.17692708333333332 0.25 0.08875000000000001 0.08981481481481482
1 0.09502604166666666 0.7470833333333333 0.19005208333333332 0.5058333333333332
3 0.030208333333333334 0.40324074074074073 0.06041666666666667 0.08074074074074074
1 0.11799479166666667 0.47333333333333333 0.19338541666666667 0.2324074074074074
3 0.8589583333333334 0.15685185185185185 0.1171875 0.29685185185185187
0 0.9688020833333334 0.19736111111111113 0.06239583333333333 0.17620370370370372
1 0.7401041666666667 0.14587962962962964 0.15031250000000002 0.06138888888888889
1 0.9256510416666667 0.6856944444444444 0.14869791666666668 0.274537037037037
1 0.9026822916666667 0.7944444444444444 0.16973958333333333 0.4033333333333334
3 0.9739583333333334 0.03657407407407407 0.052083333333333336 0.07314814814814814
1 0.35817708333333337 0.892175925925926 0.21052083333333332 0.21564814814814814
