1 0.13927083333333332 0.762361111111111 0.24864583333333332 0.28509259259259256
1 0.4561979166666667 0.8461574074074074 0.25552083333333336 0.3076851851851852
1 0.39651041666666664 0.6252314814814814 0.24614583333333334 0.3549074074074074
1 0.188046875 0.5993055555555555 0.12307291666666667 0.0937962962962963
1 0.9111197916666668 0.5169907407407407 0.17776041666666667 0.4369444444444444
1 0.5711458333333332 0.7069444444444445 0.139375 0.34203703703703703
1 0.7843489583333334 0.5100925925925925 0.20880208333333333 0.39
1 0.058567708333333336 0.540324074074074 0.11713541666666667 0.25527777777777777
1 0.8879166666666667 0.8368981481481482 0.20052083333333334 0.3262037037037037
2 0.7152604166666666 0.895 0.14395833333333333 0.21000000000000002
