1 0.6992708333333333 0.3777314814814815 0.388125 0.47231481481481485
0 0.70875 0.1013425925925926 0.12479166666666666 0.2026851851851852
3 0.5322916666666667 0.8632407407407408 0.3077083333333333 0.2735185185185185
3 0.3734375 0.9000925925925927 0.09000000000000001 0.19981481481481483
3 0.5411458333333333 0.7540277777777779 0.08677083333333332 0.08787037037037038
3 0.175078125 0.34694444444444444 0.24994791666666666 0.3633333333333333
3 0.5024479166666667 0.48310185185185184 0.2353125 0.5252777777777777
0 0.12950520833333334 0.11680555555555555 0.13307291666666668 0.19694444444444442
1 0.030885416666666665 0.31120370370370365 0.06177083333333333 0.12722222222222224
1 0.09591145833333334 0.609074074074074 0.19182291666666668 0.32666666666666666
