1 0.42776041666666664 0.879675925925926 0.171875 0.1350925925925926
3 0.471484375 0.7811574074074074 0.12682291666666667 0.17509259259259258
1 0.22666666666666666 0.20814814814814817 0.09093749999999999 0.11666666666666667
1 0.22736979166666668 0.6825 0.10911458333333333 0.22518518518518518
1 0.16122395833333333 0.6726388888888889 0.32244791666666667 0.6547222222222222
1 0.4336979166666667 0.19768518518518519 0.17218750000000002 0.32
1 0.7787760416666667 0.045879629629629624 0.16734375 0.09175925925925925
1 0.9215625 0.7299074074074073 0.08104166666666666 0.11907407407407407
1 0.8062239583333334 0.6874537037037037 0.08671875 0.24324074074074073
1 0.9771875 0.6216203703703704 0.045625 0.11175925925925927
1 0.11838541666666666 0.888425925925926 0.15072916666666666 0.16462962962962965
