3 0.8807812500000001 0.12379629629629628 0.2384375 0.24759259259259256
1 0.09874999999999999 0.24023148148148146 0.0540625 0.06916666666666667
1 0.49695312500000005 0.08518518518518518 0.35619791666666667 0.17037037037037037
1 0.127578125 0.6600925925925927 0.25515625 0.6798148148148149
1 0.49859375000000006 0.23027777777777778 0.30791666666666667 0.23925925925925923
1 0.6683854166666666 0.21560185185185188 0.0765625 0.12212962962962963
1 0.621875 0.2949537037037037 0.03927083333333334 0.10990740740740741
1 0.55921875 0.35930555555555554 0.13583333333333333 0.09212962962962963
1 0.8527604166666667 0.29097222222222224 0.14093750000000002 0.2586111111111111
1 0.8721354166666667 0.705648148148148 0.18187499999999998 0.22092592592592591
1 0.8153906249999999 0.5301851851851852 0.11619791666666666 0.10851851851851853
1 0.7868489583333333 0.4078703703703704 0.23088541666666668 0.25296296296296295
1 0.9262239583333334 0.9066203703703704 0.14755208333333333 0.18675925925925924
1 0.503671875 0.7375462962962962 0.21588541666666666 0.22972222222222222
