3 0.08796875 0.8674074074074075 0.1759375 0.2511111111111111
1 0.925390625 0.5998611111111111 0.14921875 0.23712962962962966
1 0.699609375 0.8018055555555555 0.054010416666666665 0.12638888888888888
1 0.526875 0.48236111111111113 0.2471875 0.508611111111111
1 0.5337760416666667 0.8991203703703704 0.08140625 0.12287037037037037
1 0.484296875 0.9033333333333333 0.04348958333333333 0.18796296296296297
1 0.39859374999999997 0.8653703703703703 0.16125 0.26925925925925925
2 0.45143229166666665 0.9612037037037037 0.03786458333333333 0.07333333333333333
1 0.144375 0.5981481481481481 0.0453125 0.01925925925925926
3 0.1489322916666667 0.5644444444444444 0.09859375000000001 0.07407407407407407
1 0.05888020833333333 0.4687962962962963 0.11776041666666666 0.24129629629629631
1 0.16151041666666668 0.36037037037037034 0.32302083333333337 0.4777777777777778
3 0.40020833333333333 0.1086111111111111 0.026875 0.05555555555555555
3 0.13216145833333334 0.08712962962962964 0.11567708333333333 0.15351851851851853
3 0.2893489583333333 0.21560185185185185 0.09848958333333332 0.1886111111111111
1 0.89015625 0.47208333333333335 0.10135416666666666 0.4037962962962963
