1 0.5416927083333333 0.22796296296296295 0.04838541666666667 0.07611111111111112
3 0.4159895833333333 0.0325925925925926 0.06385416666666667 0.0651851851851852
1 0.89484375 0.5868055555555556 0.14677083333333335 0.4387962962962963
1 0.7428906249999999 0.2616203703703704 0.21015625 0.2891666666666667
1 0.5236197916666667 0.28564814814814815 0.07473958333333333 0.07296296296296297
1 0.6388802083333333 0.21550925925925926 0.04067708333333333 0.05861111111111111
1 0.5975 0.2513888888888889 0.0484375 0.044259259259259255
1 0.6309635416666667 0.14347222222222222 0.047343750000000004 0.055462962962962964
1 0.5713281250000001 0.1213425925925926 0.05015625 0.043611111111111114
1 0.5874479166666666 0.18180555555555555 0.043854166666666666 0.06731481481481481
1 0.7898177083333333 0.48277777777777775 0.11869791666666667 0.2874074074074074
