3 0.8793489583333334 0.9789814814814815 0.14546875 0.04203703703703703
1 0.9811197916666666 0.2536574074074074 0.037760416666666664 0.3062037037037037
1 0.9533333333333333 0.43550925925925926 0.04666666666666666 0.07361111111111111
1 0.04765625 0.07731481481481481 0.0953125 0.15462962962962962
1 0.5299479166666666 0.5984722222222223 0.10229166666666667 0.06342592592592593
1 0.6239322916666665 0.6793981481481481 0.06286458333333333 0.12175925925925926
1 0.690546875 0.39625 0.3346354166666667 0.38287037037037036
1 0.8323437499999999 0.28402777777777777 0.11770833333333333 0.16342592592592592
3 0.41440104166666664 0.8047685185185185 0.41369791666666667 0.39046296296296296
1 0.9255729166666666 0.620787037037037 0.06854166666666667 0.1187962962962963
3 0.9146875 0.5649537037037037 0.05291666666666666 0.07731481481481481
1 0.8421875 0.6886111111111111 0.03854166666666667 0.06185185185185185
3 0.86703125 0.6330092592592592 0.057604166666666665 0.12657407407407406
0 0.7646093750000001 0.8569444444444444 0.12307291666666667 0.11018518518518519
0 0.892109375 0.8246296296296296 0.09432291666666666 0.1975925925925926
