3 0.45231770833333335 0.9648148148148148 0.16671875 0.07037037037037037
3 0.57296875 0.8488425925925925 0.15197916666666667 0.21175925925925926
1 0.2989583333333333 0.3521296296296296 0.1325 0.23277777777777778
1 0.27838541666666666 0.4797685185185185 0.06104166666666667 0.0987962962962963
1 0.43 0.3624537037037037 0.175 0.2910185185185185
1 0.574765625 0.43800925925925926 0.38859375 0.7062037037037038
1 0.910859375 0.7702777777777777 0.17828125 0.29259259259259257
1 0.38955729166666664 0.819675925925926 0.17880208333333333 0.25101851851851853
1 0.06065104166666667 0.27254629629629634 0.12130208333333334 0.5450925925925927
3 0.18731770833333333 0.26208333333333333 0.19036458333333334 0.30712962962962964
