1 0.5813281250000001 0.7105555555555555 0.11744791666666667 0.1474074074074074
1 0.9386979166666667 0.3999537037037037 0.12260416666666667 0.12675925925925927
1 0.6609375 0.39199074074074075 0.11437499999999999 0.13842592592592592
1 0.9382291666666666 0.5189814814814815 0.12354166666666666 0.3292592592592593
0 0.028489583333333336 0.3548611111111111 0.05697916666666667 0.11824074074074074
1 0.24427083333333333 0.36083333333333334 0.17125 0.10148148148148148
1 0.11130208333333333 0.6607407407407407 0.16364583333333332 0.20833333333333334
3 0.4997135416666667 0.7325462962962963 0.13890624999999998 0.0987962962962963
1 0.9710677083333333 0.8772685185185186 0.05786458333333333 0.17675925925925925
1 0.6788020833333334 0.5331018518518519 0.46031249999999996 0.6213888888888889
