1 0.7109375 0.3762962962962963 0.10947916666666666 0.07111111111111111
1 0.04705729166666666 0.6004166666666667 0.09411458333333332 0.3547222222222222
1 0.22302083333333333 0.7352314814814815 0.05458333333333333 0.05453703703703704
1 0.276484375 0.7910185185185186 0.13078125 0.10777777777777778
1 0.21898437499999998 0.5069444444444444 0.06692708333333333 0.10018518518518518
1 0.3670572916666667 0.5308333333333333 0.12671875000000002 0.16925925925925928
1 0.41036458333333337 0.6556944444444445 0.5673958333333334 0.3684259259259259
1 0.8300260416666667 0.47550925925925924 0.09265625000000001 0.2556481481481482
1 0.89234375 0.4713888888888889 0.16374999999999998 0.19981481481481483
1 0.08151041666666667 0.2871296296296296 0.16302083333333334 0.20203703703703701
1 0.53984375 0.12787037037037036 0.16083333333333333 0.16314814814814813
0 0.11786458333333334 0.6761111111111111 0.03177083333333333 0.05592592592592593
