1 0.935625 0.514212962962963 0.042083333333333334 0.09601851851851852
1 0.5685677083333334 0.495462962962963 0.12984375 0.0961111111111111
1 0.7446614583333333 0.6921759259259259 0.08880208333333334 0.14027777777777778
3 0.7002864583333334 0.45717592592592593 0.23421875 0.3686111111111111
3 0.18046875 0.16740740740740742 0.050104166666666665 0.04685185185185185
3 0.39221354166666667 0.1947222222222222 0.40057291666666667 0.25870370370370366
3 0.299140625 0.685787037037037 0.10484375 0.09953703703703703
1 0.13161458333333334 0.337037037037037 0.09697916666666666 0.10666666666666667
1 0.08218750000000001 0.23689814814814816 0.04666666666666666 0.10453703703703704
1 0.08033854166666667 0.10953703703703703 0.16067708333333333 0.21907407407407406
1 0.17125 0.11625 0.0684375 0.06138888888888889
0 0.9383854166666666 0.1463425925925926 0.10020833333333333 0.1937962962962963
3 0.4019270833333334 0.07041666666666667 0.2576041666666667 0.14083333333333334
1 0.9676562499999999 0.5001388888888889 0.0646875 0.2300925925925926
