3 0.6353125 0.4332870370370371 0.06958333333333333 0.07935185185185185
1 0.06265625 0.6135648148148148 0.12395833333333334 0.24694444444444444
1 0.17270833333333335 0.4143981481481481 0.12229166666666667 0.13824074074074075
1 0.6686197916666666 0.5068518518518518 0.04682291666666667 0.08407407407407406
1 0.7139062500000001 0.06337962962962963 0.12125000000000001 0.12675925925925927
3 0.15807291666666667 0.23324074074074075 0.31614583333333335 0.4664814814814815
1 0.9521614583333332 0.7351851851851852 0.09567708333333333 0.3196296296296296
1 0.9206249999999999 0.08782407407407407 0.15364583333333334 0.17564814814814814
1 0.06802083333333334 0.8672685185185185 0.13604166666666667 0.26546296296296296
1 0.5701302083333334 0.3428703703703704 0.18307291666666667 0.2051851851851852
