1 0.05736979166666667 0.19648148148148148 0.11473958333333334 0.08611111111111111
3 0.8885677083333333 0.16337962962962962 0.20213541666666668 0.24324074074074073
3 0.803125 0.2923611111111111 0.07541666666666667 0.12787037037037036
1 0.7196614583333333 0.08976851851851853 0.16796875 0.17953703703703705
1 0.8203385416666666 0.5986574074074074 0.029114583333333333 0.043611111111111114
1 0.9424479166666667 0.29564814814814816 0.11510416666666666 0.18037037037037038
1 0.9367447916666667 0.5667129629629629 0.12651041666666668 0.42194444444444446
1 0.6370572916666666 0.1399074074074074 0.15057291666666667 0.2798148148148148
1 0.4686458333333333 0.7025925925925927 0.24416666666666667 0.2151851851851852
1 0.11606770833333332 0.6387499999999999 0.13838541666666665 0.24916666666666668
3 0.40354166666666663 0.12893518518518518 0.13177083333333334 0.05990740740740741
3 0.154765625 0.44375 0.30953125 0.32601851851851854
