1 0.5928385416666667 0.5421759259259259 0.28515625 0.19083333333333333
0 0.08101562500000001 0.6135185185185185 0.11682291666666668 0.2338888888888889
1 0.07377604166666667 0.32912037037037034 0.14755208333333333 0.44027777777777777
1 0.1798958333333333 0.6889814814814815 0.08239583333333332 0.07407407407407407
1 0.22559895833333335 0.5109259259259259 0.03390625 0.07851851851851852
1 0.698125 0.14467592592592593 0.24187499999999998 0.28935185185185186
1 0.6415104166666666 0.4074074074074074 0.29552083333333334 0.3824074074074074
1 0.8821614583333334 0.2759722222222222 0.23567708333333334 0.2600925925925926
1 0.8691927083333334 0.43513888888888885 0.17755208333333333 0.1912037037037037
3 0.7958072916666666 0.8828240740740741 0.32140625 0.21194444444444446
