1 0.48492187500000006 0.3238888888888889 0.08942708333333332 0.08259259259259259
1 0.030104166666666664 0.5839351851851852 0.06020833333333333 0.2586111111111111
1 0.5103385416666667 0.49435185185185193 0.12630208333333334 0.23944444444444446
1 0.9690885416666666 0.21851851851851853 0.061822916666666665 0.10685185185185185
1 0.8847916666666668 0.23712962962962966 0.03739583333333333 0.04777777777777778
1 0.8904427083333333 0.6281018518518517 0.21911458333333333 0.5799074074074073
1 0.7170572916666667 0.8972685185185186 0.047552083333333335 0.04342592592592592
1 0.691171875 0.3095833333333334 0.12755208333333334 0.1937962962962963
1 0.68609375 0.3758796296296297 0.16125 0.24101851851851852
1 0.5405989583333334 0.2463425925925926 0.04026041666666667 0.09342592592592593
3 0.544296875 0.13629629629629628 0.18234375 0.20388888888888887
