1 0.6634635416666668 0.29287037037037034 0.04390625 0.12333333333333332
1 0.2025 0.6777314814814815 0.1890625 0.2987962962962963
1 0.17158854166666665 0.855138888888889 0.13932291666666666 0.05990740740740741
1 0.28757812499999996 0.7398148148148148 0.10244791666666667 0.3255555555555556
1 0.38919270833333336 0.7686574074074074 0.12817708333333333 0.3263888888888889
1 0.2463020833333333 0.3578703703703704 0.0715625 0.05240740740740741
1 0.15122395833333335 0.4081018518518518 0.09192708333333334 0.05675925925925926
1 0.15341145833333333 0.6938425925925926 0.30682291666666667 0.44453703703703706
1 0.703046875 0.17319444444444446 0.05786458333333333 0.17101851851851851
1 0.8320572916666666 0.04953703703703704 0.018489583333333334 0.022962962962962963
1 0.9677864583333332 0.1712962962962963 0.06442708333333333 0.2101851851851852
1 0.6072135416666667 0.5668055555555556 0.09598958333333334 0.11583333333333333
3 0.898515625 0.31199074074074074 0.08536458333333334 0.12787037037037036
3 0.9496614583333334 0.10944444444444444 0.10067708333333333 0.19796296296296298
