1 0.42671875000000004 0.48462962962962963 0.21677083333333333 0.27629629629629626
3 0.43276041666666665 0.01425925925925926 0.0815625 0.02851851851851852
3 0.5506770833333333 0.5146296296296295 0.2146875 0.4546296296296296
1 0.5797916666666667 0.649074074074074 0.08489583333333334 0.10351851851851851
1 0.8744791666666667 0.5488888888888889 0.15260416666666668 0.2011111111111111
1 0.7173177083333333 0.4909722222222222 0.11661458333333334 0.09768518518518518
1 0.7381510416666667 0.7149074074074074 0.10526041666666666 0.2722222222222222
1 0.921328125 0.36810185185185185 0.15734375 0.26583333333333337
1 0.3150260416666667 0.23222222222222225 0.07703125000000001 0.16092592592592594
1 0.27572916666666664 0.4301851851851852 0.12614583333333332 0.26185185185185184
1 0.7909114583333333 0.3999074074074074 0.09015625 0.16962962962962963
1 0.8435677083333334 0.3736574074074074 0.09442708333333334 0.17250000000000001
