3 0.6163020833333334 0.7877777777777777 0.34604166666666664 0.4244444444444444
3 0.4625 0.6695833333333333 0.17958333333333334 0.3143518518518518
1 0.061822916666666665 0.5320370370370371 0.12364583333333333 0.26833333333333337
3 0.022734374999999998 0.38699074074074075 0.045468749999999995 0.11435185185185186
1 0.20606770833333335 0.7420833333333333 0.08234375 0.1075
1 0.2947135416666667 0.7473148148148149 0.10609375 0.15444444444444447
1 0.16184895833333332 0.44495370370370374 0.2596354166666667 0.41009259259259256
1 0.4535416666666667 0.5112037037037037 0.04083333333333334 0.11148148148148149
3 0.5015364583333334 0.5879629629629629 0.14015625 0.5118518518518518
1 0.7382552083333334 0.40842592592592597 0.31588541666666664 0.4153703703703704
3 0.27867187499999996 0.9195833333333333 0.14171875 0.16083333333333333
1 0.9191927083333333 0.6416203703703703 0.039635416666666666 0.02416666666666667
1 0.9025781249999999 0.6760648148148148 0.03682291666666667 0.055092592592592596
