1 0.79703125 0.4328240740740741 0.06197916666666667 0.047685185185185185
3 0.39273437499999997 0.8127314814814814 0.25026041666666665 0.3013888888888889
3 0.33880208333333334 0.49162037037037043 0.20135416666666667 0.2587962962962963
1 0.3028385416666667 0.6327314814814815 0.11546875 0.07064814814814814
1 0.5642708333333334 0.728287037037037 0.26239583333333333 0.20324074074074075
1 0.60296875 0.6125 0.17750000000000002 0.28296296296296297
1 0.022395833333333334 0.4855555555555555 0.04479166666666667 0.16648148148148148
1 0.11393229166666667 0.1762962962962963 0.15307291666666664 0.3525925925925926
1 0.05364583333333333 0.6887962962962964 0.10729166666666666 0.2559259259259259
1 0.029296875 0.05199074074074074 0.05859375 0.10398148148148148
1 0.039765625 0.2741203703703704 0.07953125 0.26694444444444443
1 0.7356510416666667 0.3873148148148148 0.05473958333333333 0.1914814814814815
1 0.9511197916666666 0.2971759259259259 0.09776041666666666 0.12212962962962963
1 0.916171875 0.5171296296296296 0.16765624999999998 0.20833333333333334
3 0.853515625 0.44037037037037036 0.10151041666666667 0.08185185185185186
1 0.9424739583333334 0.695324074074074 0.11505208333333333 0.2252777777777778
1 0.9287500000000001 0.8865277777777777 0.14250000000000002 0.22694444444444445
