3 0.8641927083333333 0.5426388888888889 0.11828124999999999 0.16268518518518518
1 0.51296875 0.6685185185185185 0.3884375 0.5974074074074075
1 0.763125 0.7048148148148149 0.17010416666666667 0.2351851851851852
1 0.7008593750000001 0.4970833333333334 0.22182291666666665 0.30416666666666664
1 0.44046875 0.3805092592592593 0.24666666666666667 0.3743518518518519
1 0.11778645833333333 0.11300925925925925 0.23557291666666666 0.2260185185185185
1 0.12841145833333334 0.38972222222222225 0.16067708333333333 0.2838888888888889
3 0.10455729166666666 0.728287037037037 0.20911458333333333 0.4280555555555556
3 0.03036458333333333 0.522361111111111 0.06072916666666666 0.16564814814814816
1 0.90953125 0.7442592592592592 0.1809375 0.29388888888888887
1 0.9629166666666666 0.555324074074074 0.07416666666666667 0.13472222222222222
1 0.9259114583333333 0.4377314814814815 0.14817708333333332 0.15157407407407406
