3 0.8091145833333333 0.4703240740740741 0.03916666666666667 0.04694444444444445
1 0.09052083333333334 0.7136111111111112 0.11416666666666667 0.10777777777777778
1 0.03794270833333333 0.3758796296296296 0.07588541666666666 0.14731481481481482
3 0.5209895833333333 0.39078703703703704 0.12520833333333334 0.19398148148148148
1 0.9356770833333333 0.7028703703703703 0.12864583333333332 0.16537037037037036
3 0.7478645833333334 0.6038888888888888 0.16458333333333333 0.1340740740740741
3 0.7497395833333333 0.44175925925925924 0.036145833333333335 0.04148148148148148
3 0.74859375 0.5116666666666667 0.0359375 0.0512962962962963
3 0.7658593749999999 0.4955555555555556 0.43578125 0.3525925925925926
3 0.8104427083333333 0.5430555555555555 0.05088541666666667 0.0374074074074074
