1 0.5104427083333333 0.477962962962963 0.14734375 0.1137037037037037
1 0.4213802083333333 0.7367592592592593 0.3369270833333333 0.3116666666666667
1 0.3193229166666667 0.5341666666666668 0.02020833333333333 0.049444444444444444
1 0.170546875 0.3506481481481482 0.20505208333333333 0.33296296296296296
3 0.09716145833333334 0.36736111111111114 0.19432291666666668 0.27805555555555556
1 0.4197135416666667 0.4821296296296296 0.03411458333333333 0.03666666666666667
1 0.9462760416666668 0.7149074074074074 0.10744791666666667 0.20203703703703701
3 0.9614322916666667 0.5366203703703704 0.07713541666666666 0.2891666666666667
3 0.890546875 0.569861111111111 0.12328125 0.1400925925925926
1 0.7314322916666666 0.6581018518518519 0.27953125 0.35694444444444445
1 0.7627864583333334 0.5026388888888889 0.10984375 0.19824074074074075
1 0.5994010416666666 0.40324074074074073 0.10213541666666666 0.16962962962962963
1 0.5773177083333334 0.7314814814814815 0.23057291666666666 0.2364814814814815
