0 0.31734375 0.14328703703703705 0.07114583333333332 0.13287037037037036
3 0.9086979166666667 0.3429166666666667 0.1734375 0.3389814814814815
1 0.9855989583333334 0.5292592592592593 0.028802083333333332 0.17148148148148148
1 0.9808854166666666 0.3540277777777777 0.03822916666666667 0.1137962962962963
3 0.23395833333333332 0.3437962962962963 0.21875 0.22277777777777777
1 0.066796875 0.8152314814814815 0.13359375 0.32564814814814813
1 0.07458333333333332 0.5191203703703704 0.14916666666666664 0.32490740740740737
3 0.4907031250000001 0.7991666666666667 0.23234375000000002 0.3214814814814815
1 0.11520833333333333 0.21310185185185185 0.23041666666666666 0.4262037037037037
3 0.5217708333333334 0.0762037037037037 0.37041666666666667 0.1524074074074074
