1 0.5930208333333333 0.9356481481481481 0.08572916666666666 0.1287037037037037
1 0.40825520833333334 0.6732407407407408 0.10348958333333333 0.21833333333333335
1 0.6600520833333333 0.3737962962962963 0.1482291666666667 0.23462962962962963
1 0.263125 0.8258796296296297 0.0259375 0.02824074074074074
1 0.3465364583333333 0.6845833333333333 0.1447395833333333 0.23398148148148148
1 0.17104166666666665 0.8850462962962963 0.10177083333333334 0.10527777777777778
1 0.5031770833333333 0.2753703703703704 0.149375 0.4292592592592593
1 0.2546875 0.2247222222222222 0.06125 0.06944444444444445
3 0.28091145833333336 0.12912037037037036 0.12390625000000001 0.11175925925925927
3 0.45794270833333334 0.12962962962962962 0.07963541666666667 0.1922222222222222
1 0.5130208333333334 0.8365277777777779 0.07041666666666666 0.08324074074074074
1 0.959296875 0.12893518518518518 0.08140625 0.11712962962962963
1 0.9604427083333333 0.3632407407407407 0.07911458333333334 0.15018518518518517
