2 0.4659114583333333 0.3889351851851852 0.10692708333333334 0.13472222222222222
1 0.13755208333333335 0.5024074074074074 0.24416666666666667 0.2001851851851852
1 0.01747395833333333 0.37245370370370373 0.03494791666666666 0.17287037037037037
3 0.149140625 0.13953703703703701 0.055156250000000004 0.15944444444444444
1 0.14830729166666667 0.24282407407407408 0.04421875 0.1699074074074074
1 0.9630989583333333 0.5454166666666668 0.07380208333333332 0.09324074074074075
1 0.9286458333333333 0.40625 0.14270833333333333 0.2375
1 0.04864583333333334 0.8963425925925926 0.09729166666666668 0.2073148148148148
1 0.8843489583333333 0.7341203703703704 0.039427083333333335 0.04490740740740741
0 0.0471875 0.35564814814814816 0.08083333333333333 0.2531481481481481
