1 0.38638020833333336 0.8083796296296296 0.10557291666666666 0.25416666666666665
3 0.7807291666666667 0.30342592592592593 0.23302083333333332 0.2816666666666667
1 0.5855989583333333 0.7163425925925927 0.35442708333333334 0.2889814814814815
1 0.6145572916666667 0.14587962962962964 0.18536458333333333 0.2917592592592593
3 0.5113020833333334 0.10018518518518518 0.1 0.20037037037037037
1 0.13494791666666667 0.40125 0.08312499999999999 0.1739814814814815
1 0.16242187500000002 0.16555555555555557 0.12421875 0.18018518518518517
3 0.6523958333333333 0.3458796296296296 0.1596875 0.2434259259259259
1 0.4504427083333333 0.33189814814814816 0.26567708333333334 0.28805555555555556
1 0.18997395833333333 0.28967592592592595 0.05473958333333333 0.06805555555555555
0 0.6027083333333333 0.3777314814814815 0.10010416666666666 0.1799074074074074
