0 0.3832812500000001 0.7049537037037036 0.14145833333333335 0.2582407407407407
0 0.342109375 0.5123611111111112 0.10932291666666667 0.09305555555555556
1 0.26739583333333333 0.7574537037037037 0.1246875 0.44805555555555554
1 0.26893229166666666 0.10486111111111111 0.24703125 0.20972222222222223
1 0.6279947916666667 0.4485648148148148 0.14817708333333332 0.09583333333333334
1 0.7835677083333333 0.3850925925925926 0.19338541666666667 0.28703703703703703
1 0.987578125 0.8618518518518518 0.02484375 0.04870370370370371
1 0.7411979166666668 0.6343981481481481 0.10145833333333334 0.25324074074074077
1 0.7361979166666667 0.8181944444444444 0.04291666666666667 0.13546296296296298
0 0.8329166666666666 0.2500925925925926 0.07229166666666667 0.057777777777777775
0 0.8514843750000001 0.07300925925925926 0.10776041666666666 0.14601851851851852
