2 0.751953125 0.43398148148148147 0.06671875 0.11277777777777777
3 0.8594791666666667 0.3755092592592592 0.2810416666666667 0.24935185185185185
1 0.5984375 0.6186574074074075 0.173125 0.25472222222222224
1 0.4198177083333333 0.1298148148148148 0.22911458333333332 0.2596296296296296
2 0.7767447916666668 0.26638888888888895 0.05848958333333333 0.034444444444444444
1 0.113828125 0.3242129629629629 0.047135416666666666 0.04861111111111111
1 0.7790104166666666 0.15291666666666665 0.09697916666666666 0.1075
1 0.6956510416666667 0.08074074074074074 0.05963541666666667 0.1337037037037037
3 0.8538802083333333 0.16087962962962962 0.29223958333333333 0.32175925925925924
1 0.5774739583333334 0.3700925925925926 0.17932291666666667 0.2559259259259259
1 0.919609375 0.5822222222222222 0.16078125 0.2838888888888889
1 0.9680208333333334 0.4375925925925926 0.06395833333333333 0.07296296296296297
