1 0.600234375 0.45990740740740743 0.16619791666666667 0.18592592592592594
3 0.389921875 0.10097222222222221 0.07578125 0.08157407407407406
1 0.35997395833333334 0.6246759259259259 0.10213541666666666 0.2113888888888889
1 0.10213541666666666 0.36226851851851855 0.20427083333333332 0.1863888888888889
1 0.9763541666666667 0.3778703703703704 0.03822916666666667 0.2011111111111111
1 0.9467968750000001 0.6904166666666667 0.10640625000000001 0.17287037037037037
3 0.5673437499999999 0.22097222222222224 0.136875 0.29453703703703704
1 0.423671875 0.5637499999999999 0.037031249999999995 0.06583333333333333
1 0.5021875 0.8288425925925926 0.07114583333333332 0.09805555555555556
3 0.5657552083333334 0.8318055555555555 0.03828125 0.05009259259259259
1 0.8237239583333333 0.5751851851851852 0.09848958333333332 0.21481481481481482
