1 0.9559635416666666 0.58125 0.08807291666666667 0.11805555555555555
1 0.74015625 0.2681481481481482 0.22395833333333334 0.2557407407407407
3 0.3248697916666667 0.16902777777777778 0.19213541666666664 0.25324074074074077
1 0.3558854166666666 0.7730092592592592 0.07375 0.23527777777777778
1 0.20052083333333334 0.6953703703703704 0.25916666666666666 0.5127777777777778
1 0.48562500000000003 0.3031481481481481 0.2576041666666667 0.44185185185185183
1 0.5465104166666667 0.5963425925925926 0.08729166666666667 0.28990740740740745
1 0.527734375 0.7116666666666666 0.15880208333333332 0.22092592592592591
0 0.6995572916666666 0.1383333333333333 0.17973958333333334 0.16685185185185183
1 0.7844270833333334 0.09777777777777777 0.23979166666666665 0.19555555555555554
1 0.9698177083333334 0.31805555555555554 0.06036458333333334 0.1638888888888889
1 0.9022916666666666 0.6570833333333334 0.19541666666666666 0.20583333333333334
