1 0.4278645833333333 0.7223148148148149 0.18000000000000002 0.4483333333333333
1 0.5836197916666667 0.33481481481481484 0.17026041666666666 0.23166666666666666
1 0.6943750000000001 0.7105092592592592 0.25458333333333333 0.37824074074074077
1 0.5790104166666666 0.5190277777777778 0.03114583333333333 0.04935185185185185
1 0.19554687499999998 0.1136574074074074 0.11536458333333334 0.15046296296296297
1 0.9420833333333333 0.5824537037037036 0.11583333333333333 0.34175925925925926
1 0.863515625 0.49083333333333334 0.04140625 0.14351851851851852
3 0.8459375 0.6022222222222223 0.13468750000000002 0.2737037037037037
1 0.8666666666666667 0.7848611111111112 0.08989583333333333 0.24249999999999997
3 0.13630208333333332 0.18763888888888888 0.27260416666666665 0.37527777777777777
1 0.23859375000000002 0.8393518518518519 0.21062499999999998 0.2612962962962963
