1 0.35789062499999996 0.7463425925925925 0.2950520833333333 0.3286111111111111
1 0.21143229166666666 0.5233796296296296 0.06692708333333333 0.18453703703703705
1 0.3515625 0.493287037037037 0.299375 0.42324074074074075
3 0.9082291666666666 0.32916666666666666 0.18354166666666666 0.26537037037037037
3 0.1543489583333333 0.2713425925925926 0.29369791666666667 0.3263888888888889
1 0.8320572916666666 0.7794444444444444 0.16765624999999998 0.15462962962962962
1 0.6103385416666666 0.452037037037037 0.3865104166666667 0.5435185185185185
1 0.7095572916666666 0.5306481481481482 0.21151041666666667 0.36666666666666664
1 0.0209375 0.7205555555555556 0.041875 0.1787037037037037
1 0.110859375 0.6975 0.22171875 0.605
