3 0.5240625 0.60375 0.208125 0.2100925925925926
3 0.8512239583333333 0.1473611111111111 0.22005208333333334 0.2947222222222222
3 0.7758854166666665 0.4739351851851852 0.44156249999999997 0.5408333333333334
1 0.3390625 0.5065277777777778 0.219375 0.22953703703703704
1 0.18648437499999998 0.575 0.07536458333333333 0.09425925925925925
1 0.5692708333333333 0.5634722222222222 0.10760416666666667 0.1613888888888889
1 0.6469270833333333 0.9200462962962963 0.17218750000000002 0.1599074074074074
1 0.850078125 0.680925925925926 0.29994791666666665 0.32629629629629625
1 0.9415104166666667 0.38069444444444445 0.11697916666666666 0.29416666666666663
3 0.3348697916666667 0.6311574074074074 0.17015624999999998 0.10175925925925926
