1 0.4847916666666667 0.4593981481481481 0.26 0.3219444444444444
1 0.9222395833333333 0.1315277777777778 0.15552083333333336 0.2630555555555556
3 0.9823697916666666 0.37305555555555553 0.03526041666666667 0.2675925925925926
3 0.978203125 0.7239814814814814 0.04359375 0.15444444444444447
1 0.64671875 0.8430092592592593 0.2557291666666667 0.31398148148148153
3 0.5653906249999999 0.6402314814814816 0.18546875000000002 0.31805555555555554
1 0.38635416666666667 0.717037037037037 0.22062500000000002 0.28500000000000003
3 0.25703125 0.2089351851851852 0.36520833333333336 0.4178703703703704
1 0.4652083333333333 0.22837962962962963 0.09145833333333334 0.21916666666666665
0 0.22523437500000001 0.04458333333333333 0.11265625 0.08916666666666666
