1 0.32106770833333337 0.15962962962962962 0.16755208333333332 0.09277777777777778
1 0.35874999999999996 0.6075462962962964 0.1321875 0.23046296296296298
1 0.988515625 0.7475925925925926 0.02296875 0.06962962962962964
3 0.49921875 0.39143518518518516 0.07645833333333334 0.08046296296296297
1 0.8190885416666667 0.3729166666666667 0.04765625 0.08416666666666667
1 0.397734375 0.12425925925925928 0.03828125 0.05888888888888889
3 0.8991666666666666 0.3424537037037037 0.20166666666666666 0.3126851851851852
1 0.983984375 0.43333333333333335 0.03203125 0.046296296296296294
1 0.012734375 0.6740277777777778 0.025260416666666667 0.07935185185185185
1 0.9029166666666666 0.2978240740740741 0.1940625 0.23212962962962963
