3 0.842265625 0.06032407407407408 0.17546874999999998 0.12064814814814816
1 0.25221354166666665 0.1024074074074074 0.13026041666666666 0.1375925925925926
1 0.28184895833333334 0.08231481481481483 0.12640625 0.16462962962962965
1 0.19440104166666666 0.6114351851851851 0.22859374999999998 0.7771296296296296
1 0.73203125 0.2285648148148148 0.12072916666666668 0.15046296296296297
1 0.4267708333333333 0.3763888888888889 0.1284375 0.20425925925925925
3 0.878671875 0.8383796296296296 0.24265625 0.3232407407407408
1 0.3315624999999999 0.6198611111111112 0.23979166666666665 0.47175925925925927
1 0.5022395833333333 0.5696296296296297 0.10458333333333333 0.32629629629629625
1 0.24760416666666665 0.12689814814814815 0.04791666666666667 0.04638888888888889
