1 0.30804687499999994 0.5063888888888889 0.04442708333333333 0.06111111111111111
1 0.173828125 0.45013888888888887 0.17213541666666668 0.4015740740740741
1 0.09281249999999999 0.7520370370370371 0.12729166666666666 0.27925925925925926
1 0.27921875 0.8997222222222223 0.09093749999999999 0.14907407407407408
1 0.004921875 0.33708333333333335 0.00984375 0.060648148148148145
1 0.4083333333333333 0.38375000000000004 0.19802083333333334 0.2173148148148148
1 0.33460937500000004 0.3432407407407408 0.11817708333333334 0.2137037037037037
1 0.7219791666666667 0.8668055555555555 0.15052083333333333 0.17509259259259258
1 0.6169270833333333 0.8156944444444445 0.03333333333333333 0.0637962962962963
1 0.6481770833333333 0.495462962962963 0.10260416666666666 0.1612962962962963
1 0.7178125000000001 0.45189814814814816 0.14447916666666666 0.3323148148148148
1 0.9266666666666666 0.7946296296296297 0.09135416666666667 0.08907407407407408
1 0.8663541666666666 0.10615740740740741 0.17427083333333335 0.21231481481481482
3 0.928515625 0.053518518518518514 0.14296875 0.10703703703703703
1 0.9837760416666668 0.3549074074074074 0.03244791666666667 0.05092592592592592
