0 0.41182291666666665 0.40745370370370365 0.0696875 0.1275
1 0.5175260416666666 0.37537037037037035 0.2597395833333333 0.4488888888888889
1 0.8213020833333334 0.3607407407407407 0.05614583333333333 0.1290740740740741
1 0.66453125 0.5465277777777777 0.10020833333333333 0.11972222222222223
1 0.3372395833333333 0.4063425925925926 0.11489583333333334 0.18953703703703703
3 0.06739583333333334 0.35356481481481483 0.13479166666666667 0.4332407407407407
1 0.1713802083333333 0.5241666666666667 0.06859375 0.20055555555555554
1 0.9813802083333333 0.47120370370370374 0.03723958333333333 0.1338888888888889
1 0.7874739583333332 0.8431018518518518 0.08890624999999999 0.17064814814814816
1 0.8186979166666666 0.5293518518518517 0.06020833333333333 0.14222222222222222
3 0.5378385416666667 0.11347222222222222 0.26453125 0.22694444444444445
