1 0.5674218750000001 0.597824074074074 0.21265625000000002 0.26046296296296295
1 0.8028124999999999 0.5400925925925927 0.13468750000000002 0.18185185185185185
1 0.8744791666666667 0.6558333333333334 0.24125 0.19111111111111112
1 0.2727604166666666 0.48541666666666666 0.12427083333333333 0.22898148148148148
1 0.3303125 0.7040277777777777 0.1 0.15194444444444444
1 0.918828125 0.2693055555555556 0.11609375000000001 0.17712962962962964
1 0.6826041666666668 0.9231018518518518 0.11114583333333333 0.1537962962962963
1 0.17802083333333335 0.7597222222222222 0.3560416666666667 0.36666666666666664
1 0.8653385416666667 0.29666666666666663 0.04067708333333333 0.0748148148148148
1 0.45174479166666665 0.647175925925926 0.13286458333333334 0.18324074074074076
