1 0.14388020833333334 0.5383796296296297 0.11015625 0.17527777777777778
1 0.6334895833333334 0.4626388888888889 0.05354166666666667 0.09564814814814815
3 0.8922135416666667 0.7405092592592593 0.21557291666666664 0.36120370370370375
1 0.9634635416666667 0.4270833333333333 0.07307291666666667 0.2826851851851852
3 0.9864322916666667 0.12236111111111111 0.02713541666666667 0.11101851851851853
1 0.7695572916666666 0.7295370370370371 0.19046875 0.5409259259259259
0 0.6373958333333333 0.4334722222222222 0.06791666666666667 0.09490740740740741
1 0.5899479166666667 0.1412962962962963 0.15541666666666665 0.1438888888888889
3 0.5675 0.2147685185185185 0.12375 0.20805555555555555
1 0.415625 0.5679629629629629 0.20458333333333334 0.40499999999999997
1 0.3578125 0.21217592592592593 0.21906250000000002 0.2350925925925926
1 0.235390625 0.14189814814814813 0.05848958333333333 0.1534259259259259
1 0.06703125 0.6842592592592592 0.1340625 0.2375925925925926
