3 0.6455989583333334 0.16152777777777777 0.2825520833333333 0.32305555555555554
3 0.806484375 0.04597222222222223 0.03828125 0.06361111111111112
3 0.7099739583333332 0.021898148148148146 0.10088541666666666 0.04379629629629629
1 0.7888541666666666 0.1353703703703704 0.14697916666666666 0.2588888888888889
1 0.04578125 0.73125 0.0915625 0.32305555555555554
1 0.40317708333333335 0.35347222222222224 0.14697916666666666 0.22898148148148148
0 0.24106770833333335 0.1000462962962963 0.11619791666666666 0.2000925925925926
3 0.8534895833333332 0.14277777777777775 0.050625 0.09407407407407407
1 0.5759635416666666 0.7484722222222222 0.17088541666666668 0.25972222222222224
3 0.037187500000000005 0.2502314814814815 0.07437500000000001 0.24990740740740738
