1 0.3243229166666666 0.2190277777777778 0.04510416666666666 0.06935185185185186
1 0.7585677083333332 0.6162037037037037 0.27828125 0.4324074074074074
1 0.664453125 0.8163425925925927 0.16671875 0.245462962962963
1 0.92359375 0.42166666666666663 0.1528125 0.19981481481481483
3 0.7591145833333334 0.3794444444444445 0.21677083333333333 0.21703703703703706
3 0.6577083333333333 0.16648148148148148 0.19239583333333332 0.33296296296296296
3 0.678984375 0.5344444444444444 0.09380208333333333 0.1662962962962963
1 0.21838541666666667 0.22180555555555556 0.30895833333333333 0.3562037037037037
1 0.06239583333333333 0.8365277777777778 0.12479166666666666 0.19935185185185186
1 0.04510416666666666 0.6174074074074074 0.09020833333333332 0.23500000000000001
1 0.09799479166666666 0.6353240740740742 0.12671875000000002 0.22305555555555556
