1 0.04213541666666667 0.8027777777777778 0.08427083333333334 0.20277777777777778
3 0.3849479166666666 0.5002314814814814 0.12583333333333332 0.35694444444444445
3 0.9796875 0.3429166666666667 0.040625 0.043611111111111114
1 0.8853385416666666 0.42087962962962966 0.08755208333333334 0.10101851851851851
1 0.040651041666666665 0.2313425925925926 0.08130208333333333 0.25972222222222224
3 0.8647395833333333 0.32541666666666663 0.0715625 0.10175925925925926
1 0.98421875 0.8075925925925926 0.0315625 0.08796296296296297
1 0.855234375 0.6615740740740741 0.10505208333333332 0.1303703703703704
3 0.869140625 0.5123148148148148 0.11276041666666667 0.1724074074074074
1 0.8140104166666666 0.5936574074074074 0.03395833333333333 0.057129629629629634
1 0.5859895833333333 0.6712962962962963 0.12625 0.15018518518518517
3 0.5571614583333333 0.2602777777777778 0.06546875 0.16814814814814813
1 0.363671875 0.9117592592592592 0.33098958333333334 0.1764814814814815
0 0.5491145833333333 0.9425 0.04 0.115
