1 0.50578125 0.1887962962962963 0.12458333333333332 0.18333333333333332
1 0.6251041666666667 0.33185185185185184 0.23614583333333333 0.15074074074074076
1 0.20257812500000003 0.3860185185185185 0.22307291666666668 0.44962962962962966
1 0.20380208333333333 0.6749537037037038 0.261875 0.6002777777777777
3 0.7815625 0.03972222222222222 0.07541666666666667 0.07944444444444444
1 0.5495833333333333 0.3338888888888889 0.05572916666666667 0.0824074074074074
1 0.9403906249999999 0.8581481481481481 0.11921875 0.18962962962962965
1 0.9725260416666667 0.6798148148148149 0.054947916666666666 0.4105555555555555
1 0.28046875 0.21328703703703702 0.10666666666666667 0.08175925925925925
1 0.18223958333333332 0.1752314814814815 0.04135416666666667 0.03675925925925926
