1 0.19294270833333332 0.6606018518518519 0.17848958333333334 0.2350925925925926
3 0.9265625 0.3338888888888889 0.146875 0.3787037037037037
1 0.08559895833333334 0.23097222222222225 0.17119791666666667 0.2639814814814815
1 0.18734375000000003 0.3472222222222222 0.08083333333333333 0.13592592592592595
1 0.315625 0.31421296296296297 0.1175 0.07731481481481481
1 0.5172395833333333 0.38699074074074075 0.2672916666666667 0.26749999999999996
1 0.6325000000000001 0.2977314814814815 0.11239583333333333 0.24768518518518517
3 0.6553125000000001 0.7456944444444444 0.14260416666666667 0.17453703703703705
1 0.5613802083333332 0.6643981481481482 0.20838541666666668 0.3562037037037037
1 0.9329166666666667 0.800787037037037 0.13416666666666668 0.39842592592592596
1 0.929296875 0.575925925925926 0.14140625 0.2114814814814815
