3 0.05708333333333333 0.16125 0.11416666666666667 0.3225
1 0.696875 0.6240740740740741 0.050312499999999996 0.10685185185185185
1 0.7068489583333334 0.8067129629629629 0.12411458333333333 0.1650925925925926
3 0.9230208333333334 0.18263888888888888 0.15395833333333334 0.1534259259259259
1 0.6669791666666666 0.7448148148148149 0.20104166666666667 0.1975925925925926
1 0.9887499999999999 0.25268518518518523 0.022500000000000003 0.025555555555555557
3 0.8181770833333334 0.06532407407407408 0.36364583333333333 0.13064814814814815
1 0.8870833333333333 0.2011111111111111 0.16125 0.10851851851851853
1 0.5058333333333332 0.3669907407407408 0.211875 0.2875
0 0.48041666666666666 0.23805555555555552 0.025625000000000002 0.04611111111111111
1 0.258203125 0.6227777777777778 0.24203125 0.4203703703703704
1 0.3216927083333333 0.6390277777777778 0.08630208333333332 0.22083333333333333
0 0.3809375 0.38499999999999995 0.14802083333333332 0.2575925925925926
