1 0.8140625 0.19870370370370372 0.19541666666666666 0.29870370370370375
1 0.4253645833333334 0.23629629629629628 0.35531250000000003 0.347962962962963
3 0.41653645833333336 0.2536574074074074 0.08671875 0.0412037037037037
1 0.8466666666666668 0.3860648148148148 0.11322916666666667 0.31157407407407406
1 0.7003385416666666 0.45 0.25213541666666667 0.3622222222222222
3 0.19752604166666668 0.1925925925925926 0.39505208333333336 0.3851851851851852
3 0.45471354166666667 0.08708333333333333 0.07932291666666667 0.17416666666666666
1 0.31002604166666664 0.040601851851851854 0.17963541666666666 0.08120370370370371
1 0.4085677083333333 0.0187037037037037 0.03546875 0.0374074074074074
1 0.4678645833333333 0.570462962962963 0.0921875 0.14814814814814814
1 0.9457291666666666 0.6944444444444444 0.06989583333333332 0.12166666666666667
