1 0.109453125 0.7247685185185185 0.21890625 0.5504629629629629
1 0.289609375 0.6322685185185185 0.30963541666666666 0.6182407407407408
1 0.5741145833333333 0.79125 0.015104166666666667 0.024351851851851854
1 0.48666666666666664 0.8031481481481482 0.09468750000000001 0.12425925925925925
1 0.6615885416666667 0.6625925925925926 0.14067708333333334 0.22574074074074074
1 0.6558854166666667 0.365787037037037 0.0315625 0.0412037037037037
1 0.7585416666666667 0.5561574074074074 0.15260416666666668 0.36083333333333334
1 0.9711979166666667 0.6112037037037037 0.057604166666666665 0.3233333333333333
1 0.553515625 0.020694444444444446 0.13453125000000002 0.04138888888888889
1 0.021484375 0.22939814814814816 0.04296875 0.18324074074074076
3 0.20343750000000002 0.37995370370370374 0.1515625 0.2769444444444445
