1 0.980234375 0.9182870370370371 0.039531250000000004 0.10231481481481482
1 0.16880208333333335 0.4403240740740741 0.14645833333333333 0.10546296296296297
3 0.817890625 0.10333333333333333 0.16078125 0.20666666666666667
1 0.09739583333333333 0.2804166666666667 0.15395833333333334 0.20046296296296295
1 0.21408854166666666 0.061481481481481484 0.03328125 0.058333333333333334
1 0.10257812499999999 0.776574074074074 0.20515624999999998 0.2488888888888889
1 0.11182291666666666 0.6308796296296296 0.051250000000000004 0.05990740740740741
1 0.11260416666666667 0.9267592592592593 0.08166666666666668 0.12518518518518518
1 0.23315104166666664 0.7772685185185185 0.15588541666666667 0.28064814814814815
1 0.37377604166666667 0.9125462962962964 0.21765625 0.1749074074074074
1 0.38807291666666666 0.6216666666666667 0.20989583333333334 0.4203703703703704
1 0.40158854166666663 0.6869444444444446 0.16838541666666668 0.24388888888888888
1 0.8801562500000001 0.3989351851851852 0.14375 0.285462962962963
1 0.9534114583333333 0.6169444444444444 0.09317708333333334 0.4546296296296296
1 0.7166145833333334 0.25550925925925927 0.18697916666666667 0.19083333333333333
