3 0.29421875 0.4151388888888889 0.058958333333333335 0.15194444444444444
3 0.18591145833333336 0.9052777777777777 0.17817708333333335 0.18944444444444444
1 0.05018229166666666 0.8322685185185186 0.10036458333333333 0.22305555555555556
3 0.7996874999999999 0.04111111111111111 0.1115625 0.08222222222222222
1 0.6778125 0.7238888888888888 0.34104166666666663 0.49444444444444446
1 0.3351041666666667 0.4703703703703704 0.06583333333333334 0.07537037037037038
1 0.13572916666666668 0.6304629629629629 0.27145833333333336 0.42574074074074075
1 0.48901041666666667 0.5933796296296296 0.08291666666666667 0.11601851851851852
1 0.884921875 0.45231481481481484 0.12921875 0.0961111111111111
1 0.7218229166666668 0.11694444444444445 0.17781249999999998 0.2338888888888889
1 0.05546875 0.687962962962963 0.1109375 0.2559259259259259
1 0.050234375000000005 0.3499074074074074 0.10046875000000001 0.17777777777777778
