3 0.9705989583333333 0.5153703703703704 0.05880208333333334 0.16444444444444445
0 0.6233333333333333 0.26916666666666667 0.16416666666666666 0.1827777777777778
0 0.3185677083333333 0.8447222222222222 0.18265625 0.31055555555555553
1 0.6067187500000001 0.3461574074074074 0.07572916666666667 0.13842592592592592
0 0.3765625 0.06939814814814815 0.14447916666666666 0.1387962962962963
1 0.096875 0.1449074074074074 0.19375 0.2898148148148148
1 0.528515625 0.6801388888888888 0.6506770833333333 0.45638888888888884
1 0.33460937500000004 0.28217592592592594 0.42630208333333336 0.44731481481481483
1 0.9000781250000001 0.8439814814814814 0.19994791666666664 0.2962962962962963
3 0.7745833333333334 0.3166203703703704 0.124375 0.11435185185185186
