1 0.0453125 0.3145833333333333 0.07427083333333333 0.12305555555555556
1 0.3583854166666667 0.25893518518518516 0.07718749999999999 0.07046296296296296
1 0.842265625 0.2556481481481481 0.13765625 0.09703703703703703
1 0.8139322916666667 0.6710185185185186 0.19390625 0.657962962962963
1 0.70125 0.4804629629629629 0.08333333333333333 0.16074074074074074
1 0.7078125 0.025416666666666667 0.018229166666666668 0.050833333333333335
1 0.6097916666666666 0.0949537037037037 0.1575 0.1899074074074074
1 0.38546875 0.696574074074074 0.09052083333333334 0.14037037037037037
1 0.35632812500000005 0.5533333333333333 0.09890625 0.19111111111111112
1 0.27057291666666666 0.5467592592592593 0.11333333333333333 0.21666666666666667
1 0.505 0.730462962962963 0.0509375 0.05092592592592592
1 0.5463541666666667 0.40703703703703703 0.23218750000000002 0.3340740740740741
0 0.4014583333333333 0.3778703703703704 0.136875 0.1922222222222222
1 0.057526041666666666 0.590925925925926 0.11505208333333333 0.3772222222222222
