1 0.34757812499999996 0.39625 0.33276041666666667 0.5808333333333333
1 0.5020572916666667 0.3991203703703704 0.16921875 0.25416666666666665
1 0.4986979166666667 0.7827314814814814 0.18489583333333334 0.3610185185185185
1 0.06372395833333333 0.5518518518518518 0.12744791666666666 0.32814814814814813
1 0.09427083333333333 0.31819444444444445 0.14802083333333332 0.2362037037037037
1 0.9266927083333333 0.7574074074074074 0.11432291666666666 0.06444444444444444
1 0.8700260416666665 0.5256481481481482 0.03578125 0.04740740740740741
1 0.913671875 0.46699074074074076 0.12734375 0.09601851851851852
3 0.6292708333333333 0.20314814814814816 0.16333333333333336 0.2012962962962963
1 0.3662239583333333 0.6778240740740741 0.16390625 0.2563888888888889
