1 0.8891145833333333 0.7408333333333333 0.050520833333333334 0.06425925925925927
1 0.20598958333333334 0.5831018518518518 0.11333333333333333 0.2639814814814815
0 0.9768489583333333 0.2050925925925926 0.046302083333333334 0.09777777777777777
3 0.06098958333333333 0.4398148148148148 0.12197916666666667 0.3690740740740741
1 0.157578125 0.29995370370370367 0.13286458333333334 0.13287037037037036
1 0.32640625 0.2176388888888889 0.0778125 0.11583333333333333
1 0.2554166666666667 0.9395833333333333 0.143125 0.12083333333333333
1 0.28684895833333335 0.8068518518518518 0.12244791666666667 0.13222222222222224
1 0.4919010416666667 0.1360185185185185 0.32734375 0.272037037037037
3 0.763125 0.07407407407407407 0.14291666666666666 0.14814814814814814
1 0.7649218750000001 0.36162037037037037 0.05848958333333333 0.11675925925925926
3 0.9558854166666666 0.08962962962962963 0.08822916666666666 0.16166666666666665
1 0.8270052083333332 0.7828703703703703 0.045572916666666664 0.0387037037037037
