1 0.11635416666666666 0.5194907407407408 0.21010416666666665 0.3232407407407408
1 0.30192708333333335 0.40703703703703703 0.12770833333333334 0.22092592592592591
3 0.8601041666666666 0.5275462962962963 0.27427083333333335 0.42916666666666664
2 0.9608072916666667 0.3225 0.07838541666666667 0.1398148148148148
1 0.7809635416666667 0.6856944444444444 0.2541145833333333 0.2763888888888889
1 0.8983854166666666 0.7150925925925925 0.20322916666666666 0.5698148148148148
1 0.889453125 0.2736574074074074 0.22109375 0.34824074074074074
1 0.9236979166666667 0.10990740740740741 0.1471875 0.21981481481481482
1 0.05244791666666667 0.7106481481481481 0.10489583333333334 0.4318518518518518
1 0.48953125 0.8645833333333334 0.250625 0.2708333333333333
