3 0.673046875 0.11944444444444445 0.24651041666666668 0.2388888888888889
3 0.7044010416666666 0.2828240740740741 0.22067708333333333 0.31416666666666665
3 0.6386197916666666 0.3132407407407407 0.24307291666666667 0.3383333333333333
3 0.02140625 0.07430555555555556 0.0428125 0.1486111111111111
3 0.18580729166666668 0.42680555555555555 0.34140625 0.4236111111111111
1 0.06802083333333334 0.5500925925925926 0.13604166666666667 0.275
3 0.55078125 0.3552314814814815 0.13739583333333333 0.25435185185185183
0 0.5349218750000001 0.5049537037037037 0.28734375 0.3836111111111111
3 0.9890364583333333 0.060925925925925925 0.021927083333333333 0.09055555555555556
1 0.3684895833333333 0.23157407407407407 0.19822916666666668 0.21000000000000002
