1 0.045625 0.16125 0.09125 0.18083333333333335
1 0.41997395833333334 0.38662037037037034 0.11276041666666667 0.16916666666666666
1 0.19479166666666667 0.6901388888888889 0.06364583333333333 0.07453703703703704
1 0.20828125 0.5516666666666666 0.0803125 0.14592592592592593
1 0.11796875 0.5695833333333333 0.2359375 0.21675925925925926
1 0.06369791666666666 0.6150925925925926 0.12739583333333332 0.15685185185185185
1 0.06697916666666666 0.06087962962962963 0.13395833333333332 0.12175925925925926
1 0.8437239583333334 0.6379166666666667 0.31255208333333334 0.35379629629629633
1 0.715234375 0.7598611111111111 0.21036458333333333 0.2349074074074074
1 0.8466406250000001 0.355 0.025156249999999998 0.10962962962962963
