1 0.1278125 0.3349074074074074 0.21322916666666666 0.46148148148148144
1 0.16674479166666664 0.0187037037037037 0.026302083333333334 0.0374074074074074
1 0.7427083333333333 0.5105555555555555 0.37177083333333333 0.7518518518518519
1 0.7075520833333333 0.8671296296296296 0.06364583333333333 0.20203703703703701
1 0.2246614583333333 0.607175925925926 0.05119791666666666 0.06731481481481481
1 0.03229166666666667 0.4671296296296296 0.06458333333333334 0.2796296296296296
1 0.9558072916666666 0.7716203703703703 0.08838541666666666 0.3678703703703704
1 0.9641927083333334 0.2815740740740741 0.07161458333333333 0.2364814814814815
1 0.09078125000000001 0.6846296296296296 0.18156250000000002 0.23981481481481481
1 0.40382812500000004 0.3900925925925926 0.24286458333333333 0.3627777777777778
1 0.07609375000000002 0.04708333333333333 0.07437500000000001 0.09416666666666666
