1 0.09072916666666668 0.13148148148148148 0.1404166666666667 0.11851851851851852
3 0.8845052083333333 0.3143055555555556 0.23098958333333333 0.30194444444444446
3 0.26635416666666667 0.6079166666666668 0.11822916666666666 0.14342592592592593
3 0.35473958333333333 0.82625 0.20520833333333333 0.28953703703703704
3 0.24093749999999997 0.09791666666666667 0.3207291666666666 0.19583333333333333
3 0.19304687499999998 0.02462962962962963 0.38609374999999996 0.04925925925925926
1 0.39125000000000004 0.22805555555555557 0.16875 0.28259259259259256
3 0.2992447916666666 0.32449074074074075 0.26328125 0.3421296296296296
1 0.34036458333333336 0.5668055555555556 0.35885416666666664 0.2960185185185185
1 0.8856510416666666 0.752175925925926 0.22869791666666667 0.4956481481481481
3 0.8270833333333333 0.5064814814814815 0.10062499999999999 0.17888888888888888
1 0.8096354166666667 0.8055092592592593 0.15010416666666665 0.3889814814814815
1 0.641484375 0.1894907407407407 0.19505208333333332 0.2647222222222222
3 0.8946875 0.020092592592592592 0.09927083333333334 0.040185185185185185
