1 0.9171354166666668 0.08523148148148148 0.1059375 0.17046296296296296
1 0.932890625 0.6028240740740741 0.13421875 0.23212962962962963
1 0.6835677083333334 0.44328703703703703 0.24494791666666668 0.1965740740740741
1 0.65609375 0.42907407407407405 0.42416666666666664 0.3627777777777778
0 0.6664322916666666 0.7157407407407408 0.14744791666666668 0.12462962962962962
0 0.9469270833333334 0.7374074074074074 0.10614583333333334 0.19796296296296298
1 0.07533854166666666 0.7431481481481482 0.13536458333333332 0.18333333333333332
1 0.11299479166666668 0.3684259259259259 0.17869791666666668 0.15722222222222224
1 0.4255729166666667 0.5890277777777777 0.10947916666666666 0.3017592592592592
1 0.8853125 0.34611111111111115 0.22947916666666668 0.33111111111111113
