1 0.03330729166666667 0.852638888888889 0.06661458333333334 0.2886111111111111
1 0.18463541666666666 0.30694444444444446 0.1671875 0.34685185185185186
1 0.09645833333333333 0.8522222222222222 0.135625 0.29555555555555557
1 0.8307291666666666 0.6552314814814815 0.15677083333333333 0.2512037037037037
3 0.897734375 0.547037037037037 0.10192708333333332 0.48814814814814816
1 0.18502604166666667 0.5893981481481482 0.04473958333333334 0.11083333333333334
3 0.4587760416666667 0.3712037037037037 0.27265625 0.5644444444444444
1 0.6200520833333333 0.5559722222222223 0.0684375 0.16601851851851854
1 0.6358333333333335 0.35800925925925925 0.09989583333333334 0.3087962962962963
3 0.9412239583333333 0.0749537037037037 0.11755208333333332 0.1499074074074074
1 0.43765624999999997 0.7058796296296297 0.31666666666666665 0.30064814814814816
1 0.7661458333333333 0.5640277777777778 0.2303125 0.3428703703703704
