1 0.118515625 0.2915277777777778 0.23703125 0.3306481481481482
1 0.030494791666666667 0.2732407407407408 0.06098958333333333 0.15407407407407409
1 0.038203125 0.45736111111111116 0.07640625 0.08305555555555556
1 0.26299479166666667 0.8161574074074075 0.49973958333333335 0.3676851851851852
1 0.3572135416666667 0.07143518518518518 0.25578125 0.14287037037037037
1 0.10721354166666666 0.04134259259259259 0.08755208333333334 0.08268518518518518
3 0.13322916666666668 0.5219444444444444 0.19614583333333335 0.3412962962962963
3 0.6501302083333333 0.6809259259259259 0.30421875000000004 0.4272222222222222
1 0.7976041666666666 0.7852777777777779 0.04125 0.0762962962962963
1 0.9780729166666666 0.6385185185185185 0.02875 0.04574074074074074
1 0.9555989583333333 0.5489351851851851 0.055364583333333335 0.05101851851851852
3 0.9532552083333333 0.5898148148148148 0.09348958333333333 0.1590740740740741
3 0.933515625 0.44046296296296295 0.07578125 0.10685185185185185
1 0.7592708333333335 0.299212962962963 0.1196875 0.07138888888888888
1 0.69078125 0.4294444444444444 0.11802083333333332 0.33037037037037037
1 0.8371614583333333 0.16027777777777777 0.30182291666666666 0.21407407407407406
