3 0.886875 0.6106944444444444 0.21520833333333333 0.3836111111111111
1 0.9528645833333333 0.08564814814814815 0.09427083333333333 0.1712962962962963
1 0.44513020833333333 0.6128703703703704 0.24296875 0.5127777777777778
1 0.08825520833333332 0.13847222222222225 0.17651041666666664 0.2769444444444445
1 0.060078124999999996 0.5761574074074074 0.12015624999999999 0.5791666666666667
3 0.5653125 0.15032407407407408 0.21291666666666667 0.30064814814814816
3 0.3504947916666667 0.049444444444444444 0.14557291666666666 0.09888888888888889
3 0.20692708333333332 0.1764351851851852 0.19697916666666665 0.3528703703703704
1 0.7533072916666667 0.065 0.20338541666666668 0.1290740740740741
1 0.8030208333333333 0.4471759259259259 0.20083333333333334 0.3378703703703704
3 0.8704427083333334 0.13958333333333334 0.07911458333333334 0.06583333333333333
1 0.783125 0.2400925925925926 0.09093749999999999 0.06388888888888888
