1 0.97671875 0.23078703703703704 0.0465625 0.2649074074074074
1 0.211953125 0.5739351851851852 0.13432291666666665 0.27935185185185185
1 0.223984375 0.4374074074074074 0.13046875 0.11481481481481481
1 0.27885416666666674 0.6828240740740741 0.201875 0.4386111111111111
1 0.5647135416666667 0.7881481481481482 0.046302083333333334 0.09277777777777778
1 0.5396614583333333 0.49398148148148147 0.09640625 0.13018518518518518
1 0.030520833333333334 0.8274537037037036 0.06104166666666667 0.11138888888888888
1 0.029010416666666667 0.6859722222222222 0.058020833333333334 0.12842592592592592
1 0.3803645833333333 0.6129629629629629 0.033854166666666664 0.08481481481481482
1 0.3199739583333333 0.769074074074074 0.1447395833333333 0.2274074074074074
1 0.4365625 0.601111111111111 0.05541666666666667 0.07666666666666666
1 0.9876302083333334 0.6775 0.024739583333333332 0.0811111111111111
