1 0.9488541666666667 0.09162037037037038 0.10229166666666667 0.18324074074074076
1 0.7900260416666666 0.3691666666666667 0.24411458333333333 0.33222222222222225
1 0.019505208333333336 0.6675925925925926 0.03901041666666667 0.19518518518518518
2 0.458984375 0.5905555555555555 0.14151041666666667 0.21203703703703702
1 0.30679687499999997 0.11486111111111111 0.11703124999999999 0.060648148148148145
1 0.7511979166666667 0.7508796296296296 0.1746875 0.3486111111111111
1 0.7029947916666667 0.5563888888888888 0.14859375 0.4096296296296296
1 0.593984375 0.05310185185185185 0.21807291666666667 0.1062037037037037
1 0.4427083333333333 0.09722222222222222 0.19291666666666665 0.19444444444444445
1 0.12739583333333332 0.4370833333333333 0.18385416666666668 0.21287037037037038
1 0.5205468750000001 0.28986111111111107 0.24307291666666667 0.264537037037037
1 0.8622395833333333 0.6699074074074074 0.20666666666666667 0.28314814814814815
0 0.9285677083333332 0.5741203703703703 0.12328125 0.2523148148148148
