1 0.5629166666666666 0.10740740740740741 0.19749999999999998 0.21481481481481482
1 0.77796875 0.25930555555555557 0.2446875 0.5186111111111111
2 0.20481770833333332 0.25375000000000003 0.014739583333333334 0.06675925925925925
2 0.22973958333333336 0.2048148148148148 0.02666666666666667 0.032407407407407406
1 0.06497395833333333 0.2593981481481481 0.12994791666666666 0.23546296296296299
1 0.10950520833333334 0.39208333333333334 0.08015625 0.22453703703703703
1 0.857890625 0.015601851851851853 0.04348958333333333 0.031203703703703706
1 0.9570572916666666 0.9500462962962962 0.08588541666666667 0.09990740740740742
1 0.9221875 0.5899074074074074 0.155625 0.28629629629629627
3 0.6057812499999999 0.6616203703703704 0.5671875 0.5332407407407407
1 0.453359375 0.7262037037037038 0.18369791666666666 0.11685185185185186
1 0.36223958333333334 0.5731018518518518 0.08479166666666667 0.10287037037037036
3 0.04625 0.7423611111111111 0.08291666666666667 0.1937962962962963
1 0.3477864583333333 0.5155092592592593 0.038593749999999996 0.03675925925925926
1 0.5087499999999999 0.3356944444444444 0.5942708333333333 0.42027777777777775
