1 0.04122395833333334 0.24231481481481482 0.08244791666666668 0.48462962962962963
1 0.38421875 0.15319444444444444 0.2709375 0.3063888888888889
1 0.06140625 0.9115740740740741 0.1228125 0.17685185185185184
1 0.06783854166666667 0.5469444444444445 0.13567708333333334 0.41351851851851856
1 0.22388020833333336 0.7583796296296296 0.18651041666666668 0.43046296296296294
0 0.800390625 0.31189814814814815 0.20859375 0.32231481481481483
1 0.6862760416666667 0.23527777777777778 0.09338541666666668 0.1733333333333333
1 0.7472135416666668 0.5564351851851852 0.26317708333333334 0.4689814814814815
1 0.4644270833333334 0.3901388888888889 0.23083333333333333 0.33175925925925925
1 0.9665104166666667 0.42050925925925925 0.06697916666666666 0.21935185185185185
1 0.9529427083333333 0.6750925925925926 0.09411458333333332 0.1862962962962963
1 0.8009114583333333 0.2490740740740741 0.32734375 0.4981481481481482
