1 0.042265625 0.5801851851851852 0.08453125 0.28814814814814815
1 0.07916666666666666 0.5131018518518519 0.13072916666666667 0.16435185185185186
1 0.03960937500000001 0.5429166666666667 0.04578125 0.04898148148148148
1 0.593125 0.18837962962962962 0.07364583333333334 0.055092592592592596
1 0.40072916666666664 0.6308333333333332 0.12333333333333334 0.11296296296296296
1 0.045494791666666666 0.21157407407407408 0.09098958333333333 0.2275925925925926
1 0.8240885416666667 0.6112962962962963 0.30359375 0.35037037037037033
1 0.991484375 0.5173611111111112 0.01703125 0.11583333333333333
1 0.9285937499999999 0.3094444444444444 0.14281249999999998 0.17148148148148148
1 0.9300520833333333 0.14856481481481482 0.13989583333333336 0.21287037037037038
1 0.5294531250000001 0.5644444444444444 0.25713541666666667 0.3772222222222222
1 0.07354166666666666 0.05101851851851852 0.14708333333333332 0.10203703703703704
1 0.01973958333333333 0.6861111111111111 0.03947916666666666 0.12277777777777778
