1 0.47132812500000004 0.08564814814814815 0.18682291666666667 0.1712962962962963
3 0.6482552083333333 0.9219907407407407 0.11515625 0.15601851851851853
1 0.16661458333333332 0.22458333333333336 0.13083333333333333 0.13731481481481483
1 0.061927083333333334 0.8714814814814815 0.12385416666666667 0.23944444444444446
1 0.5264062500000001 0.1738425925925926 0.13729166666666667 0.25601851851851853
1 0.39291666666666664 0.08324074074074074 0.0484375 0.08351851851851852
1 0.37320312499999997 0.3683333333333333 0.3500520833333333 0.4501851851851852
1 0.11244791666666668 0.6305555555555555 0.22489583333333335 0.6038888888888889
3 0.20093749999999996 0.3206481481481482 0.12489583333333334 0.2701851851851852
3 0.076484375 0.1385648148148148 0.15296875 0.2771296296296296
3 0.2559895833333333 0.7634722222222222 0.10552083333333333 0.1086111111111111
