1 0.31377604166666667 0.6012037037037037 0.03411458333333333 0.05537037037037037
1 0.18174479166666666 0.40208333333333335 0.19463541666666667 0.3378703703703704
1 0.16205729166666666 0.0812962962962963 0.06619791666666666 0.1625925925925926
1 0.3553385416666667 0.7106481481481481 0.16880208333333335 0.26796296296296296
1 0.8061458333333333 0.7015277777777778 0.11770833333333333 0.16342592592592592
1 0.5618489583333334 0.8311574074074074 0.35151041666666666 0.3376851851851852
1 0.7149739583333333 0.5200462962962963 0.24046874999999998 0.3323148148148148
1 0.9830729166666666 0.2728703703703704 0.033854166666666664 0.14555555555555555
0 0.20453125 0.2200925925925926 0.12375 0.17962962962962964
1 0.08481770833333332 0.7200925925925926 0.16963541666666665 0.3851851851851852
