1 0.9381510416666666 0.16962962962962963 0.12369791666666667 0.22851851851851854
1 0.9459114583333332 0.7214351851851851 0.10734375 0.24379629629629632
1 0.48658854166666665 0.8204166666666666 0.18848958333333332 0.35453703703703704
1 0.2964583333333333 0.882824074074074 0.12427083333333333 0.23435185185185184
3 0.85015625 0.26291666666666663 0.05395833333333333 0.05472222222222222
3 0.3483072916666667 0.3498148148148148 0.12723958333333335 0.13666666666666666
3 0.218125 0.773888888888889 0.08416666666666667 0.12722222222222224
3 0.9157552083333333 0.43694444444444447 0.05234375 0.09185185185185185
0 0.6086197916666667 0.8692129629629629 0.18536458333333333 0.2602777777777778
1 0.4262239583333333 0.9841666666666665 0.019947916666666666 0.03166666666666667
