1 0.9017447916666668 0.18134259259259258 0.19651041666666666 0.35805555555555557
1 0.9110156249999999 0.7355555555555556 0.17796874999999998 0.2838888888888889
1 0.4055989583333333 0.8044907407407408 0.17026041666666666 0.39101851851851854
1 0.2009635416666667 0.8806944444444444 0.11546875 0.2373148148148148
3 0.7822395833333334 0.262037037037037 0.042395833333333334 0.07185185185185185
3 0.25552083333333336 0.3527777777777778 0.12322916666666667 0.1237037037037037
3 0.12947916666666667 0.7680092592592593 0.0825 0.12842592592592592
3 0.8408854166666667 0.4363888888888889 0.055 0.09537037037037037
0 0.535 0.8718981481481481 0.15375 0.2562037037037037
1 0.32723958333333336 0.9784722222222222 0.021041666666666667 0.04268518518518519
