1 0.9863541666666666 0.7608333333333334 0.027083333333333334 0.046481481481481485
1 0.029557291666666666 0.7448611111111111 0.05911458333333333 0.2965740740740741
1 0.8581510416666667 0.4872222222222223 0.2836979166666667 0.5133333333333333
1 0.6669270833333333 0.5089814814814815 0.2609375 0.23962962962962964
1 0.5912760416666667 0.7556944444444444 0.27651041666666665 0.48861111111111116
1 0.5124479166666667 0.44583333333333336 0.15989583333333332 0.13240740740740742
1 0.1996875 0.6734259259259259 0.28843749999999996 0.41777777777777775
1 0.08028645833333334 0.3496759259259259 0.16057291666666668 0.27546296296296297
3 0.23356770833333335 0.40981481481481485 0.17848958333333334 0.2224074074074074
1 0.10270833333333333 0.5107407407407406 0.10666666666666667 0.25685185185185183
